    Run 0
1   0
2   0
3   0
4   0
5   0
6   0
7   0
8   0
9   0
10  1
11  2
12  2
13  2
14  2
15  3
16  3
17  5
18  6
19  6
20  6
21  6
22  6
23  6
24  6
25  7
26  7
27  7
28  7
29  8
30  9
31  9
32  10
33  10
34  10
35  11
36  11
37  12
38  12
39  13
40  14
41  16
42  16
43  17
44  17
45  18
46  18
47  20
48  22
49  23
50  24
51  25
52  26
53  27
54  28
55  28
56  29
57  31
58  34
59  35
60  34
61  35
62  37
63  38
64  38
65  37
66  37
67  37
68  37
69  38
70  41
71  41
72  42
73  42
74  42
75  43
76  44
77  45
78  46
79  45
80  45
81  47
82  47
83  49
84  50
85  50
86  50
87  49
88  49
89  49
90  49
91  47
92  47
93  46
94  46
95  46
96  46
97  45
98  44
99  45
100 44
101 43
102 42
103 42
104 41
105 42
106 43
107 44
108 41
109 41
110 41
111 40
112 39
113 38
114 38
115 38
116 38
117 36
118 35
119 35
120 32
121 32
122 31
123 33
124 34
125 32
126 31
127 31
128 30
129 32
130 32
131 31
132 30
133 28
134 28
135 27
136 28
137 29
138 29
139 30
140 29
141 29
142 29
143 29
144 29
145 29
146 29
147 28
148 27
149 25
150 26
151 26
152 26
153 26
154 26
155 26
156 25
157 22
158 22
159 23
160 24
161 24
162 25
163 27
164 29
165 36
166 37
167 38
168 43
169 44
170 46
171 48
172 50
173 50
174 49
175 53
176 55
177 56
178 58
179 58
180 58
181 59
182 65
183 71
184 72
185 76
186 78
187 86
188 91
189 94
190 98
191 105
192 108
193 116
194 118
195 123
196 131
197 134
198 137
199 137
200 138
201 140
202 142
203 143
204 146
205 149
206 151
207 155
208 155
209 155
210 157
211 158
212 158
213 157
214 155
215 149
216 149
217 149
218 145
219 144
220 143
221 141
222 140
223 138
224 138
225 134
226 132
227 131
228 129
229 127
230 127
231 126
232 120
233 114
234 114
235 110
236 107
237 98
238 93
239 88
240 85
241 79
242 76
243 71
244 69
245 63
246 57
247 55
248 52
249 52
250 52
251 51
252 49
253 47
254 45
255 42
256 39
257 36
258 36
259 34
260 32
261 30
262 29
263 28
264 30
265 31
266 31
267 30
268 30
269 29
270 30
271 32
272 31
273 33
274 34
275 37
276 37
277 36
278 37
279 40
280 39
281 39
282 40
283 41
284 40
285 41
286 43
287 45
288 45
289 46
290 48
291 48
292 48
293 46
294 48
295 48
296 46
297 46
298 46
299 47
300 47
301 46
302 47
303 49
304 51
305 51
306 53
307 52
308 52
309 55
310 55
311 57
312 58
313 59
314 60
315 59
316 61
317 64
318 67
319 68
320 69
321 70
322 70
323 72
324 72
325 69
326 70
327 71
328 71
329 69
330 73
331 73
332 74
333 73
334 72
335 71
336 70
337 71
338 72
339 74
340 73
341 72
342 72
343 72
344 72
345 73
346 75
347 77
348 77
349 78
350 76
351 76
352 75
353 77
354 77
355 77
356 80
357 82
358 84
359 81
360 83
361 83
362 82
363 83
364 82
365 81
366 79
367 79
368 79
369 78
370 77
371 75
372 77
373 77
374 77
375 79
376 79
377 78
378 79
379 80
380 79
381 80
382 80
383 81
384 82
385 84
386 86
387 84
388 86
389 84
390 83
391 85
392 87
393 88
394 87
395 91
396 92
397 91
398 91
399 95
400 98
401 99
402 100
403 96
404 95
405 95
406 91
407 92
408 92
409 94
410 93
411 93
412 93
413 94
414 94
415 96
416 96
417 94
418 93
419 97
420 95
421 95
422 95
423 94
424 95
425 94
426 96
427 97
428 95
429 94
430 92
431 91
432 93
433 95
434 97
435 97
436 96
437 99
438 99
439 100
440 100
441 101
442 101
443 101
444 100
445 98
446 98
447 97
448 97
449 94
450 94
451 94
452 95
453 98
454 99
455 102
456 103
457 102
458 101
459 102
460 101
461 101
462 105
463 106
464 105
465 106
466 107
467 109
468 109
469 108
470 110
471 112
472 111
473 114
474 112
475 114
476 113
477 117
478 120
479 122
480 123
481 123
482 120
483 120
484 119
485 120
486 123
487 121
488 121
489 120
490 124
491 124
492 124
493 125
494 128
495 128
496 127
497 133
498 135
499 136
500 136
    Run 1
1   0
2   0
3   0
4   0
5   0
6   0
7   0
8   0
9   0
10  1
11  2
12  2
13  2
14  2
15  3
16  3
17  5
18  6
19  6
20  6
21  6
22  6
23  6
24  6
25  7
26  7
27  7
28  7
29  8
30  9
31  9
32  10
33  10
34  10
35  11
36  11
37  12
38  12
39  13
40  14
41  16
42  16
43  17
44  17
45  18
46  18
47  20
48  22
49  23
50  24
51  25
52  26
53  27
54  28
55  28
56  29
57  31
58  34
59  35
60  34
61  35
62  37
63  38
64  38
65  37
66  37
67  37
68  37
69  38
70  41
71  41
72  42
73  42
74  42
75  43
76  44
77  45
78  46
79  45
80  45
81  47
82  47
83  49
84  50
85  50
86  50
87  49
88  49
89  49
90  49
91  47
92  47
93  46
94  46
95  46
96  46
97  45
98  44
99  45
100 44
101 43
102 42
103 42
104 41
105 42
106 43
107 44
108 41
109 41
110 41
111 40
112 39
113 38
114 38
115 38
116 38
117 36
118 35
119 35
120 32
121 32
122 31
123 33
124 34
125 32
126 31
127 31
128 30
129 32
130 32
131 31
132 30
133 28
134 28
135 27
136 28
137 29
138 29
139 30
140 29
141 29
142 29
143 29
144 29
145 29
146 29
147 28
148 27
149 25
150 26
151 26
152 26
153 26
154 26
155 26
156 25
157 22
158 22
159 23
160 24
161 24
162 25
163 27
164 29
165 36
166 37
167 38
168 43
169 44
170 46
171 48
172 50
173 50
174 49
175 53
176 55
177 56
178 58
179 58
180 58
181 59
182 65
183 71
184 72
185 76
186 78
187 86
188 91
189 94
190 98
191 105
192 108
193 116
194 118
195 123
196 131
197 134
198 137
199 137
200 138
201 140
202 142
203 143
204 146
205 149
206 151
207 155
208 155
209 155
210 157
211 158
212 158
213 157
214 155
215 149
216 149
217 149
218 145
219 144
220 143
221 141
222 140
223 138
224 138
225 134
226 132
227 131
228 129
229 127
230 127
231 126
232 120
233 114
234 114
235 110
236 107
237 98
238 93
239 88
240 85
241 79
242 76
243 71
244 69
245 63
246 57
247 55
248 52
249 52
250 52
251 51
252 49
253 47
254 45
255 42
256 39
257 36
258 36
259 34
260 32
261 30
262 29
263 28
264 30
265 31
266 31
267 30
268 30
269 29
270 30
271 32
272 31
273 33
274 34
275 37
276 37
277 36
278 37
279 40
280 39
281 39
282 40
283 41
284 40
285 41
286 43
287 45
288 45
289 46
290 48
291 48
292 48
293 46
294 48
295 48
296 46
297 46
298 46
299 47
300 47
301 46
302 46
303 46
304 46
305 48
306 48
307 47
308 49
309 49
310 50
311 50
312 52
313 54
314 54
315 52
316 51
317 51
318 51
319 52
320 51
321 50
322 52
323 51
324 53
325 52
326 52
327 54
328 53
329 51
330 53
331 53
332 54
333 55
334 57
335 56
336 56
337 57
338 58
339 59
340 57
341 58
342 58
343 58
344 56
345 56
346 56
347 58
348 59
349 59
350 57
351 57
352 57
353 58
354 58
355 58
356 60
357 61
358 59
359 60
360 61
361 63
362 64
363 64
364 65
365 66
366 68
367 68
368 69
369 68
370 67
371 69
372 68
373 68
374 68
375 69
376 71
377 70
378 72
379 72
380 72
381 75
382 78
383 80
384 79
385 79
386 78
387 77
388 80
389 79
390 78
391 76
392 80
393 79
394 81
395 82
396 83
397 82
398 81
399 82
400 82
401 85
402 85
403 84
404 84
405 81
406 82
407 83
408 87
409 89
410 87
411 87
412 86
413 86
414 84
415 83
416 83
417 86
418 84
419 88
420 89
421 89
422 91
423 92
424 92
425 91
426 93
427 94
428 94
429 94
430 95
431 97
432 94
433 96
434 95
435 97
436 97
437 98
438 95
439 96
440 99
441 103
442 103
443 107
444 110
445 113
446 115
447 116
448 121
449 120
450 125
451 125
452 126
453 128
454 132
455 138
456 138
457 138
458 140
459 143
460 145
461 145
462 145
463 143
464 144
465 146
466 148
467 146
468 149
469 147
470 150
471 151
472 150
473 152
474 154
475 154
476 154
477 156
478 157
479 159
480 159
481 155
482 156
483 153
484 155
485 153
486 155
487 158
488 157
489 159
490 158
491 158
492 158
493 157
494 155
495 155
496 157
497 155
498 153
499 156
500 153
    Run 2
1   0
2   0
3   0
4   0
5   0
6   0
7   0
8   0
9   0
10  1
11  2
12  2
13  2
14  2
15  3
16  3
17  5
18  6
19  6
20  6
21  6
22  6
23  6
24  6
25  7
26  7
27  7
28  7
29  8
30  9
31  9
32  10
33  10
34  10
35  11
36  11
37  12
38  12
39  13
40  14
41  16
42  16
43  17
44  17
45  18
46  18
47  20
48  22
49  23
50  24
51  25
52  26
53  27
54  28
55  28
56  29
57  31
58  34
59  35
60  34
61  35
62  37
63  38
64  38
65  37
66  37
67  37
68  37
69  38
70  41
71  41
72  42
73  42
74  42
75  43
76  44
77  45
78  46
79  45
80  45
81  47
82  47
83  49
84  50
85  50
86  50
87  49
88  49
89  49
90  49
91  47
92  47
93  46
94  46
95  46
96  46
97  45
98  44
99  45
100 44
101 43
102 42
103 42
104 41
105 42
106 43
107 44
108 41
109 41
110 41
111 40
112 39
113 38
114 38
115 38
116 38
117 36
118 35
119 35
120 32
121 32
122 31
123 33
124 34
125 32
126 31
127 31
128 30
129 32
130 32
131 31
132 30
133 28
134 28
135 27
136 28
137 29
138 29
139 30
140 29
141 29
142 29
143 29
144 29
145 29
146 29
147 28
148 27
149 25
150 26
151 26
152 26
153 26
154 26
155 26
156 25
157 22
158 22
159 23
160 24
161 24
162 25
163 27
164 29
165 36
166 37
167 38
168 43
169 44
170 46
171 48
172 50
173 50
174 49
175 53
176 55
177 56
178 58
179 58
180 58
181 59
182 65
183 71
184 72
185 76
186 78
187 86
188 91
189 94
190 98
191 105
192 108
193 116
194 118
195 123
196 131
197 134
198 137
199 137
200 138
201 140
202 142
203 143
204 146
205 149
206 151
207 155
208 155
209 155
210 157
211 158
212 158
213 157
214 155
215 149
216 149
217 149
218 145
219 144
220 143
221 141
222 140
223 138
224 138
225 134
226 132
227 131
228 129
229 127
230 127
231 126
232 120
233 114
234 114
235 110
236 107
237 98
238 93
239 88
240 85
241 79
242 76
243 71
244 69
245 63
246 57
247 55
248 52
249 52
250 52
251 51
252 49
253 47
254 45
255 42
256 39
257 36
258 36
259 34
260 32
261 30
262 29
263 28
264 30
265 31
266 31
267 30
268 30
269 29
270 30
271 32
272 31
273 33
274 34
275 37
276 37
277 36
278 37
279 40
280 39
281 39
282 41
283 43
284 41
285 42
286 45
287 45
288 49
289 49
290 50
291 51
292 51
293 49
294 49
295 49
296 48
297 47
298 48
299 49
300 49
301 49
302 49
303 49
304 49
305 52
306 52
307 51
308 52
309 53
310 53
311 54
312 55
313 56
314 55
315 53
316 54
317 55
318 55
319 56
320 55
321 53
322 58
323 56
324 58
325 55
326 55
327 57
328 56
329 54
330 54
331 53
332 52
333 51
334 52
335 53
336 50
337 51
338 49
339 49
340 48
341 48
342 51
343 53
344 55
345 58
346 59
347 59
348 59
349 58
350 60
351 59
352 59
353 62
354 63
355 59
356 61
357 64
358 65
359 65
360 64
361 69
362 70
363 71
364 72
365 73
366 73
367 77
368 79
369 79
370 82
371 83
372 78
373 79
374 78
375 79
376 80
377 78
378 78
379 78
380 79
381 80
382 79
383 78
384 80
385 79
386 80
387 80
388 80
389 81
390 82
391 81
392 79
393 78
394 79
395 78
396 76
397 78
398 79
399 81
400 80
401 84
402 84
403 82
404 84
405 85
406 86
407 84
408 85
409 84
410 86
411 84
412 87
413 89
414 88
415 88
416 88
417 88
418 91
419 91
420 88
421 89
422 92
423 97
424 97
425 99
426 107
427 112
428 113
429 114
430 114
431 117
432 121
433 126
434 127
435 129
436 131
437 133
438 135
439 139
440 139
441 142
442 144
443 144
444 146
445 146
446 150
447 149
448 148
449 148
450 146
451 145
452 151
453 151
454 152
455 152
456 152
457 152
458 152
459 156
460 156
461 154
462 151
463 148
464 150
465 152
466 153
467 151
468 147
469 149
470 152
471 156
472 157
473 154
474 154
475 153
476 149
477 150
478 151
479 152
480 155
481 156
482 153
483 155
484 154
485 152
486 152
487 151
488 155
489 151
490 152
491 148
492 147
493 150
494 146
495 150
496 150
497 151
498 152
499 152
500 156
    Run 3
1   0
2   0
3   0
4   0
5   0
6   0
7   0
8   0
9   0
10  1
11  2
12  2
13  2
14  2
15  3
16  3
17  5
18  6
19  6
20  6
21  6
22  6
23  6
24  6
25  7
26  7
27  7
28  7
29  8
30  9
31  9
32  10
33  10
34  10
35  11
36  11
37  12
38  12
39  13
40  14
41  16
42  16
43  17
44  17
45  18
46  18
47  20
48  22
49  23
50  24
51  25
52  26
53  27
54  28
55  28
56  29
57  31
58  34
59  35
60  34
61  35
62  37
63  38
64  38
65  37
66  37
67  37
68  37
69  38
70  41
71  41
72  42
73  42
74  42
75  43
76  44
77  45
78  46
79  45
80  45
81  47
82  47
83  49
84  50
85  50
86  50
87  49
88  49
89  49
90  49
91  47
92  47
93  46
94  46
95  46
96  46
97  45
98  44
99  45
100 44
101 43
102 42
103 42
104 41
105 42
106 43
107 44
108 41
109 41
110 41
111 40
112 39
113 38
114 38
115 38
116 38
117 36
118 35
119 35
120 32
121 32
122 31
123 33
124 34
125 32
126 31
127 31
128 30
129 32
130 32
131 31
132 30
133 28
134 28
135 27
136 28
137 29
138 29
139 30
140 29
141 29
142 29
143 29
144 29
145 29
146 29
147 28
148 27
149 25
150 26
151 26
152 26
153 26
154 26
155 26
156 25
157 22
158 22
159 23
160 24
161 24
162 25
163 27
164 29
165 36
166 37
167 38
168 43
169 44
170 46
171 48
172 50
173 50
174 49
175 53
176 55
177 56
178 58
179 58
180 58
181 59
182 65
183 71
184 72
185 76
186 78
187 86
188 91
189 94
190 98
191 105
192 108
193 116
194 118
195 123
196 131
197 134
198 137
199 137
200 138
201 140
202 142
203 143
204 146
205 149
206 151
207 155
208 155
209 155
210 157
211 158
212 158
213 157
214 155
215 149
216 149
217 149
218 145
219 144
220 143
221 141
222 140
223 138
224 138
225 134
226 132
227 131
228 129
229 127
230 127
231 126
232 120
233 114
234 114
235 110
236 107
237 98
238 93
239 88
240 85
241 79
242 76
243 71
244 69
245 63
246 57
247 55
248 52
249 52
250 52
251 51
252 49
253 47
254 45
255 42
256 39
257 36
258 36
259 34
260 32
261 30
262 29
263 28
264 30
265 31
266 31
267 30
268 30
269 29
270 30
271 34
272 33
273 33
274 33
275 34
276 35
277 36
278 36
279 37
280 36
281 36
282 36
283 37
284 37
285 38
286 40
287 40
288 41
289 42
290 42
291 41
292 43
293 41
294 41
295 41
296 41
297 42
298 44
299 46
300 44
301 43
302 43
303 45
304 46
305 46
306 46
307 47
308 50
309 51
310 51
311 51
312 52
313 53
314 52
315 52
316 53
317 54
318 54
319 55
320 55
321 55
322 55
323 61
324 63
325 64
326 64
327 65
328 65
329 65
330 66
331 68
332 68
333 68
334 69
335 69
336 69
337 70
338 70
339 69
340 68
341 70
342 68
343 68
344 70
345 71
346 71
347 71
348 71
349 74
350 76
351 77
352 81
353 81
354 79
355 82
356 84
357 84
358 81
359 80
360 88
361 88
362 88
363 88
364 90
365 88
366 90
367 91
368 93
369 93
370 92
371 90
372 90
373 85
374 86
375 87
376 87
377 86
378 90
379 92
380 94
381 95
382 97
383 97
384 95
385 98
386 96
387 97
388 97
389 100
390 101
391 102
392 103
393 104
394 105
395 106
396 113
397 114
398 112
399 112
400 111
401 115
402 112
403 111
404 118
405 116
406 118
407 121
408 124
409 125
410 119
411 121
412 123
413 125
414 126
415 130
416 126
417 125
418 124
419 125
420 127
421 131
422 137
423 137
424 135
425 137
426 140
427 142
428 141
429 140
430 143
431 140
432 138
433 141
434 142
435 145
436 151
437 153
438 157
439 158
440 160
441 158
442 158
443 159
444 164
445 164
446 160
447 158
448 158
449 155
450 155
451 151
452 152
453 154
454 151
455 153
456 152
457 151
458 149
459 150
460 151
461 154
462 151
463 151
464 149
465 146
466 146
467 146
468 145
469 147
470 150
471 147
472 141
473 144
474 146
475 141
476 140
477 137
478 136
479 140
480 137
481 138
482 138
483 140
484 140
485 133
486 128
487 128
488 124
489 123
490 126
491 127
492 128
493 126
494 121
495 121
496 116
497 120
498 122
499 122
500 123
    Run 4
1   0
2   0
3   0
4   0
5   0
6   0
7   0
8   0
9   0
10  1
11  2
12  2
13  2
14  2
15  3
16  3
17  5
18  6
19  6
20  6
21  6
22  6
23  6
24  6
25  7
26  7
27  7
28  7
29  8
30  9
31  9
32  10
33  10
34  10
35  11
36  11
37  12
38  12
39  13
40  14
41  16
42  16
43  17
44  17
45  18
46  18
47  20
48  22
49  23
50  24
51  25
52  26
53  27
54  28
55  28
56  29
57  31
58  34
59  35
60  34
61  35
62  37
63  38
64  38
65  37
66  37
67  37
68  37
69  38
70  41
71  41
72  42
73  42
74  42
75  43
76  44
77  45
78  46
79  45
80  45
81  47
82  47
83  49
84  50
85  50
86  50
87  49
88  49
89  49
90  49
91  47
92  47
93  46
94  46
95  46
96  46
97  45
98  44
99  45
100 44
101 43
102 42
103 42
104 41
105 42
106 43
107 44
108 41
109 41
110 41
111 40
112 39
113 38
114 38
115 38
116 38
117 36
118 35
119 35
120 32
121 32
122 31
123 33
124 34
125 32
126 31
127 31
128 30
129 32
130 32
131 31
132 30
133 28
134 28
135 27
136 28
137 29
138 29
139 30
140 29
141 29
142 29
143 29
144 29
145 29
146 29
147 28
148 27
149 25
150 26
151 26
152 26
153 26
154 26
155 26
156 25
157 22
158 22
159 23
160 24
161 24
162 25
163 27
164 29
165 36
166 37
167 38
168 43
169 44
170 46
171 48
172 50
173 50
174 49
175 53
176 55
177 56
178 58
179 58
180 58
181 59
182 65
183 71
184 72
185 76
186 78
187 86
188 91
189 94
190 98
191 105
192 108
193 116
194 118
195 123
196 131
197 134
198 137
199 137
200 138
201 140
202 142
203 143
204 146
205 149
206 151
207 155
208 155
209 155
210 157
211 158
212 158
213 157
214 155
215 149
216 149
217 149
218 145
219 144
220 143
221 141
222 140
223 138
224 138
225 134
226 132
227 131
228 129
229 127
230 127
231 126
232 120
233 114
234 114
235 110
236 107
237 98
238 93
239 88
240 85
241 79
242 76
243 71
244 69
245 63
246 57
247 55
248 52
249 52
250 52
251 51
252 49
253 47
254 45
255 42
256 39
257 36
258 36
259 34
260 32
261 30
262 31
263 30
264 30
265 31
266 34
267 33
268 32
269 31
270 30
271 31
272 31
273 33
274 33
275 33
276 34
277 35
278 35
279 35
280 34
281 34
282 34
283 34
284 34
285 37
286 38
287 41
288 43
289 44
290 45
291 45
292 46
293 43
294 43
295 44
296 44
297 44
298 45
299 47
300 45
301 44
302 45
303 47
304 46
305 45
306 45
307 46
308 47
309 48
310 48
311 49
312 49
313 50
314 53
315 53
316 49
317 50
318 52
319 54
320 58
321 58
322 59
323 59
324 60
325 60
326 61
327 59
328 60
329 63
330 63
331 64
332 64
333 66
334 67
335 65
336 65
337 64
338 64
339 64
340 62
341 62
342 64
343 66
344 67
345 66
346 65
347 66
348 67
349 69
350 71
351 72
352 72
353 71
354 73
355 75
356 78
357 77
358 77
359 77
360 78
361 80
362 79
363 81
364 79
365 82
366 82
367 83
368 83
369 82
370 82
371 82
372 84
373 87
374 87
375 87
376 85
377 88
378 87
379 86
380 86
381 86
382 88
383 86
384 84
385 83
386 85
387 86
388 85
389 87
390 91
391 92
392 96
393 95
394 96
395 97
396 98
397 101
398 102
399 103
400 102
401 103
402 104
403 103
404 103
405 105
406 105
407 106
408 110
409 110
410 110
411 107
412 107
413 110
414 113
415 112
416 115
417 114
418 112
419 114
420 113
421 114
422 113
423 113
424 115
425 115
426 118
427 121
428 123
429 123
430 126
431 129
432 130
433 134
434 134
435 136
436 141
437 143
438 147
439 145
440 142
441 144
442 139
443 139
444 137
445 139
446 140
447 139
448 140
449 140
450 144
451 142
452 141
453 141
454 141
455 139
456 142
457 142
458 139
459 141
460 141
461 143
462 143
463 139
464 140
465 137
466 138
467 142
468 145
469 148
470 148
471 151
472 152
473 150
474 150
475 153
476 151
477 147
478 147
479 146
480 148
481 146
482 147
483 147
484 150
485 151
486 144
487 141
488 137
489 139
490 138
491 135
492 137
493 139
494 139
495 138
496 139
497 137
498 133
499 128
500 127
    Run 5
1   0
2   0
3   0
4   0
5   0
6   0
7   0
8   0
9   0
10  1
11  2
12  2
13  2
14  2
15  3
16  3
17  5
18  6
19  6
20  6
21  6
22  6
23  6
24  6
25  7
26  7
27  7
28  7
29  8
30  9
31  9
32  10
33  10
34  10
35  11
36  11
37  12
38  12
39  13
40  14
41  16
42  16
43  17
44  17
45  18
46  18
47  20
48  22
49  23
50  24
51  25
52  26
53  27
54  28
55  28
56  29
57  31
58  34
59  35
60  34
61  35
62  37
63  38
64  38
65  37
66  37
67  37
68  37
69  38
70  41
71  41
72  42
73  42
74  42
75  43
76  44
77  45
78  46
79  45
80  45
81  47
82  47
83  49
84  50
85  50
86  50
87  49
88  49
89  49
90  49
91  47
92  47
93  46
94  46
95  46
96  46
97  45
98  44
99  45
100 44
101 43
102 42
103 42
104 41
105 42
106 43
107 44
108 41
109 41
110 41
111 40
112 39
113 38
114 38
115 38
116 38
117 36
118 35
119 35
120 32
121 32
122 31
123 33
124 34
125 32
126 31
127 31
128 30
129 32
130 32
131 31
132 30
133 28
134 28
135 27
136 28
137 29
138 29
139 30
140 29
141 29
142 29
143 29
144 29
145 29
146 29
147 28
148 27
149 25
150 26
151 26
152 26
153 26
154 26
155 26
156 25
157 22
158 22
159 23
160 24
161 24
162 25
163 27
164 29
165 36
166 37
167 38
168 43
169 44
170 46
171 48
172 50
173 50
174 49
175 53
176 55
177 56
178 58
179 58
180 58
181 59
182 65
183 71
184 72
185 76
186 78
187 86
188 91
189 94
190 98
191 105
192 108
193 116
194 118
195 123
196 131
197 134
198 137
199 137
200 138
201 140
202 142
203 143
204 146
205 149
206 151
207 155
208 155
209 155
210 157
211 158
212 158
213 157
214 155
215 149
216 149
217 149
218 145
219 144
220 143
221 141
222 140
223 138
224 138
225 134
226 132
227 131
228 129
229 127
230 127
231 126
232 120
233 114
234 114
235 110
236 107
237 98
238 93
239 88
240 85
241 79
242 76
243 69
244 70
245 64
246 57
247 56
248 53
249 54
250 52
251 50
252 48
253 46
254 44
255 41
256 39
257 35
258 35
259 33
260 30
261 30
262 30
263 29
264 30
265 30
266 29
267 28
268 27
269 29
270 31
271 31
272 30
273 31
274 31
275 31
276 31
277 30
278 31
279 31
280 31
281 33
282 34
283 35
284 35
285 36
286 37
287 40
288 41
289 42
290 41
291 42
292 43
293 44
294 42
295 43
296 42
297 42
298 44
299 43
300 44
301 44
302 45
303 47
304 46
305 47
306 46
307 46
308 46
309 46
310 47
311 47
312 46
313 46
314 47
315 48
316 51
317 51
318 52
319 50
320 49
321 49
322 50
323 50
324 52
325 55
326 56
327 56
328 56
329 57
330 60
331 58
332 57
333 57
334 56
335 59
336 59
337 56
338 55
339 55
340 56
341 55
342 54
343 52
344 51
345 54
346 57
347 56
348 54
349 56
350 57
351 57
352 56
353 57
354 57
355 56
356 58
357 60
358 64
359 64
360 63
361 62
362 62
363 65
364 63
365 64
366 61
367 63
368 63
369 63
370 63
371 64
372 69
373 69
374 68
375 67
376 69
377 74
378 74
379 77
380 76
381 76
382 79
383 80
384 81
385 78
386 79
387 83
388 84
389 88
390 91
391 90
392 91
393 92
394 95
395 92
396 98
397 100
398 103
399 103
400 107
401 109
402 113
403 111
404 112
405 112
406 110
407 110
408 110
409 116
410 118
411 120
412 122
413 123
414 126
415 126
416 130
417 129
418 134
419 134
420 136
421 140
422 137
423 139
424 141
425 141
426 143
427 140
428 141
429 139
430 141
431 143
432 145
433 145
434 146
435 148
436 149
437 146
438 145
439 142
440 144
441 147
442 152
443 154
444 151
445 156
446 151
447 149
448 148
449 149
450 148
451 147
452 146
453 151
454 156
455 157
456 159
457 157
458 156
459 155
460 158
461 156
462 156
463 156
464 157
465 160
466 159
467 160
468 156
469 158
470 156
471 154
472 154
473 152
474 149
475 150
476 146
477 146
478 146
479 145
480 143
481 140
482 138
483 140
484 138
485 140
486 139
487 141
488 143
489 143
490 138
491 141
492 136
493 137
494 138
495 134
496 132
497 133
498 135
499 133
500 131
    Run 6
1   0
2   0
3   0
4   0
5   0
6   0
7   0
8   0
9   0
10  1
11  2
12  2
13  2
14  2
15  3
16  3
17  5
18  6
19  6
20  6
21  6
22  6
23  6
24  6
25  7
26  7
27  7
28  7
29  8
30  9
31  9
32  10
33  10
34  10
35  11
36  11
37  12
38  12
39  13
40  14
41  16
42  16
43  17
44  17
45  18
46  18
47  20
48  22
49  23
50  24
51  25
52  26
53  27
54  28
55  28
56  29
57  31
58  34
59  35
60  34
61  35
62  37
63  38
64  38
65  37
66  37
67  37
68  37
69  38
70  41
71  41
72  42
73  42
74  42
75  43
76  44
77  45
78  46
79  45
80  45
81  47
82  47
83  49
84  50
85  50
86  50
87  49
88  49
89  49
90  49
91  47
92  47
93  46
94  46
95  46
96  46
97  45
98  44
99  45
100 44
101 43
102 42
103 42
104 41
105 42
106 43
107 44
108 41
109 41
110 41
111 40
112 39
113 38
114 38
115 38
116 38
117 36
118 35
119 35
120 32
121 32
122 31
123 33
124 34
125 32
126 31
127 31
128 30
129 32
130 32
131 31
132 30
133 28
134 28
135 27
136 28
137 29
138 29
139 30
140 29
141 29
142 29
143 29
144 29
145 29
146 29
147 28
148 27
149 25
150 26
151 26
152 26
153 26
154 26
155 26
156 25
157 22
158 22
159 23
160 24
161 24
162 25
163 27
164 29
165 36
166 37
167 38
168 43
169 44
170 46
171 48
172 50
173 50
174 49
175 53
176 55
177 56
178 58
179 58
180 58
181 59
182 65
183 71
184 72
185 76
186 78
187 86
188 91
189 94
190 98
191 105
192 108
193 116
194 118
195 123
196 131
197 134
198 137
199 137
200 138
201 140
202 142
203 143
204 146
205 149
206 151
207 155
208 155
209 155
210 157
211 159
212 157
213 157
214 156
215 149
216 148
217 150
218 145
219 144
220 142
221 140
222 138
223 137
224 138
225 135
226 133
227 131
228 130
229 128
230 127
231 127
232 122
233 118
234 117
235 115
236 113
237 106
238 103
239 101
240 98
241 91
242 91
243 84
244 84
245 80
246 74
247 73
248 71
249 74
250 73
251 72
252 72
253 70
254 69
255 65
256 63
257 59
258 60
259 58
260 55
261 52
262 54
263 57
264 59
265 61
266 63
267 61
268 64
269 64
270 65
271 68
272 68
273 70
274 70
275 70
276 72
277 74
278 75
279 77
280 77
281 78
282 77
283 76
284 76
285 75
286 75
287 74
288 74
289 75
290 74
291 75
292 74
293 75
294 76
295 74
296 75
297 73
298 73
299 71
300 74
301 74
302 75
303 77
304 77
305 79
306 80
307 80
308 79
309 80
310 86
311 87
312 88
313 86
314 84
315 84
316 84
317 85
318 82
319 84
320 84
321 83
322 84
323 83
324 83
325 82
326 82
327 81
328 80
329 78
330 79
331 79
332 82
333 83
334 83
335 84
336 85
337 84
338 83
339 81
340 81
341 82
342 83
343 84
344 84
345 86
346 83
347 86
348 89
349 89
350 85
351 84
352 83
353 83
354 81
355 80
356 80
357 84
358 89
359 90
360 88
361 89
362 88
363 85
364 84
365 83
366 84
367 85
368 90
369 89
370 89
371 88
372 93
373 94
374 93
375 96
376 98
377 99
378 100
379 103
380 103
381 105
382 105
383 105
384 105
385 105
386 108
387 115
388 116
389 114
390 117
391 120
392 117
393 117
394 117
395 117
396 122
397 122
398 123
399 126
400 130
401 133
402 135
403 136
404 139
405 140
406 141
407 139
408 141
409 141
410 138
411 140
412 141
413 143
414 146
415 148
416 150
417 152
418 152
419 153
420 154
421 154
422 151
423 152
424 155
425 156
426 155
427 156
428 159
429 156
430 159
431 157
432 158
433 159
434 160
435 160
436 158
437 155
438 158
439 159
440 160
441 158
442 160
443 157
444 160
445 161
446 158
447 160
448 157
449 157
450 154
451 154
452 155
453 158
454 158
455 161
456 158
457 157
458 153
459 152
460 155
461 153
462 159
463 160
464 161
465 159
466 157
467 153
468 150
469 148
470 147
471 146
472 148
473 149
474 148
475 144
476 142
477 144
478 139
479 142
480 141
481 140
482 139
483 140
484 138
485 138
486 138
487 135
488 131
489 137
490 136
491 135
492 140
493 141
494 140
495 139
496 141
497 136
498 136
499 138
500 139
    Run 7
1   0
2   0
3   0
4   0
5   0
6   0
7   0
8   0
9   0
10  1
11  2
12  2
13  2
14  2
15  3
16  3
17  5
18  6
19  6
20  6
21  6
22  6
23  6
24  6
25  7
26  7
27  7
28  7
29  8
30  9
31  9
32  10
33  10
34  10
35  11
36  11
37  12
38  12
39  13
40  14
41  16
42  16
43  17
44  17
45  18
46  18
47  20
48  22
49  23
50  24
51  25
52  26
53  27
54  28
55  28
56  29
57  31
58  34
59  35
60  34
61  35
62  37
63  38
64  38
65  37
66  37
67  37
68  37
69  38
70  41
71  41
72  42
73  42
74  42
75  43
76  44
77  45
78  46
79  45
80  45
81  47
82  47
83  49
84  50
85  50
86  50
87  49
88  49
89  49
90  49
91  47
92  47
93  46
94  46
95  46
96  46
97  45
98  44
99  45
100 44
101 43
102 42
103 42
104 41
105 42
106 43
107 44
108 41
109 41
110 41
111 40
112 39
113 38
114 38
115 38
116 38
117 36
118 35
119 35
120 32
121 32
122 31
123 33
124 34
125 32
126 31
127 31
128 30
129 32
130 32
131 31
132 30
133 28
134 28
135 27
136 28
137 29
138 29
139 30
140 29
141 29
142 29
143 29
144 29
145 29
146 29
147 28
148 27
149 25
150 26
151 26
152 26
153 26
154 26
155 26
156 25
157 22
158 22
159 23
160 24
161 24
162 25
163 27
164 29
165 36
166 37
167 38
168 43
169 44
170 46
171 48
172 50
173 50
174 49
175 53
176 55
177 56
178 58
179 58
180 58
181 59
182 65
183 71
184 72
185 76
186 78
187 86
188 91
189 94
190 98
191 105
192 108
193 116
194 118
195 123
196 131
197 134
198 137
199 137
200 138
201 140
202 140
203 142
204 144
205 143
206 144
207 145
208 148
209 146
210 148
211 147
212 146
213 145
214 144
215 138
216 141
217 141
218 137
219 136
220 136
221 136
222 137
223 137
224 140
225 138
226 137
227 138
228 139
229 137
230 140
231 140
232 136
233 134
234 133
235 132
236 132
237 125
238 120
239 119
240 116
241 111
242 109
243 103
244 103
245 98
246 92
247 93
248 90
249 94
250 94
251 95
252 99
253 99
254 98
255 101
256 101
257 100
258 98
259 98
260 95
261 97
262 97
263 99
264 99
265 101
266 99
267 98
268 99
269 98
270 98
271 96
272 96
273 94
274 93
275 91
276 93
277 91
278 88
279 89
280 88
281 90
282 93
283 89
284 92
285 91
286 88
287 91
288 92
289 91
290 92
291 91
292 95
293 94
294 93
295 94
296 93
297 92
298 94
299 91
300 89
301 87
302 84
303 82
304 83
305 80
306 80
307 82
308 83
309 85
310 86
311 87
312 88
313 86
314 86
315 83
316 84
317 86
318 85
319 90
320 89
321 91
322 90
323 93
324 92
325 92
326 92
327 91
328 92
329 91
330 90
331 89
332 85
333 90
334 89
335 89
336 91
337 91
338 93
339 93
340 94
341 94
342 90
343 96
344 97
345 97
346 98
347 98
348 100
349 103
350 108
351 109
352 110
353 111
354 113
355 114
356 113
357 114
358 119
359 120
360 121
361 120
362 121
363 121
364 124
365 125
366 123
367 122
368 124
369 120
370 122
371 125
372 126
373 125
374 126
375 127
376 127
377 130
378 130
379 131
380 129
381 130
382 131
383 129
384 130
385 129
386 128
387 128
388 126
389 127
390 128
391 129
392 129
393 123
394 122
395 124
396 124
397 123
398 121
399 120
400 119
401 121
402 122
403 123
404 121
405 123
406 123
407 124
408 119
409 120
410 120
411 124
412 124
413 124
414 123
415 125
416 130
417 130
418 129
419 130
420 131
421 128
422 128
423 127
424 129
425 130
426 129
427 128
428 131
429 133
430 134
431 130
432 131
433 131
434 130
435 132
436 132
437 131
438 132
439 134
440 132
441 132
442 134
443 136
444 142
445 145
446 144
447 143
448 145
449 144
450 145
451 144
452 142
453 142
454 141
455 145
456 147
457 145
458 144
459 142
460 141
461 137
462 136
463 137
464 136
465 134
466 133
467 138
468 138
469 139
470 141
471 139
472 140
473 140
474 139
475 140
476 138
477 137
478 137
479 136
480 138
481 142
482 142
483 142
484 142
485 143
486 145
487 143
488 144
489 139
490 137
491 138
492 139
493 137
494 134
495 129
496 134
497 137
498 137
499 138
500 134
    Run 8
1   0
2   0
3   0
4   0
5   0
6   0
7   0
8   0
9   0
10  1
11  2
12  2
13  2
14  2
15  3
16  3
17  5
18  6
19  6
20  6
21  6
22  6
23  6
24  6
25  7
26  7
27  7
28  7
29  8
30  9
31  9
32  10
33  10
34  10
35  11
36  11
37  12
38  12
39  13
40  14
41  16
42  16
43  17
44  17
45  18
46  18
47  20
48  22
49  23
50  24
51  25
52  26
53  27
54  28
55  28
56  29
57  31
58  34
59  35
60  34
61  35
62  37
63  38
64  38
65  37
66  37
67  37
68  37
69  38
70  41
71  41
72  42
73  42
74  42
75  43
76  44
77  45
78  46
79  45
80  45
81  47
82  47
83  49
84  50
85  50
86  50
87  49
88  49
89  49
90  49
91  47
92  47
93  46
94  46
95  46
96  46
97  45
98  44
99  45
100 44
101 43
102 42
103 42
104 41
105 42
106 43
107 44
108 41
109 41
110 41
111 40
112 39
113 38
114 38
115 38
116 38
117 36
118 35
119 35
120 32
121 32
122 31
123 33
124 34
125 32
126 31
127 31
128 30
129 32
130 32
131 31
132 30
133 28
134 28
135 27
136 28
137 29
138 29
139 30
140 29
141 29
142 29
143 29
144 29
145 29
146 29
147 28
148 27
149 25
150 26
151 26
152 26
153 26
154 26
155 26
156 25
157 22
158 22
159 23
160 24
161 24
162 25
163 27
164 29
165 36
166 37
167 38
168 43
169 44
170 46
171 48
172 50
173 50
174 49
175 53
176 55
177 56
178 58
179 58
180 58
181 59
182 65
183 71
184 72
185 76
186 78
187 86
188 91
189 94
190 98
191 105
192 107
193 112
194 116
195 122
196 125
197 129
198 130
199 132
200 131
201 136
202 140
203 142
204 144
205 146
206 146
207 147
208 150
209 150
210 154
211 156
212 160
213 159
214 160
215 158
216 160
217 162
218 159
219 158
220 158
221 157
222 157
223 158
224 162
225 161
226 161
227 161
228 160
229 161
230 160
231 160
232 158
233 156
234 157
235 154
236 152
237 145
238 141
239 138
240 137
241 131
242 130
243 127
244 126
245 124
246 124
247 124
248 127
249 125
250 127
251 124
252 125
253 123
254 123
255 123
256 124
257 124
258 121
259 121
260 118
261 116
262 111
263 115
264 115
265 116
266 114
267 113
268 113
269 113
270 113
271 116
272 116
273 114
274 113
275 116
276 118
277 116
278 117
279 116
280 117
281 119
282 118
283 115
284 112
285 113
286 114
287 112
288 113
289 114
290 112
291 116
292 118
293 117
294 118
295 113
296 113
297 111
298 110
299 111
300 110
301 110
302 109
303 112
304 110
305 112
306 110
307 110
308 111
309 109
310 108
311 113
312 113
313 109
314 106
315 102
316 104
317 103
318 101
319 103
320 105
321 101
322 99
323 98
324 96
325 91
326 87
327 91
328 91
329 92
330 96
331 94
332 93
333 92
334 93
335 92
336 94
337 94
338 94
339 92
340 93
341 90
342 91
343 92
344 92
345 93
346 94
347 97
348 95
349 95
350 95
351 95
352 92
353 92
354 94
355 89
356 91
357 91
358 91
359 94
360 95
361 93
362 94
363 94
364 97
365 97
366 96
367 96
368 100
369 103
370 101
371 107
372 111
373 113
374 119
375 118
376 120
377 120
378 125
379 124
380 119
381 121
382 120
383 123
384 126
385 125
386 123
387 127
388 128
389 129
390 131
391 130
392 129
393 128
394 128
395 129
396 129
397 129
398 129
399 129
400 131
401 133
402 134
403 131
404 133
405 134
406 135
407 137
408 142
409 143
410 142
411 140
412 143
413 146
414 144
415 147
416 148
417 148
418 147
419 145
420 144
421 142
422 145
423 144
424 142
425 145
426 145
427 142
428 138
429 139
430 140
431 139
432 142
433 146
434 145
435 149
436 147
437 145
438 144
439 143
440 143
441 146
442 146
443 147
444 145
445 146
446 143
447 140
448 142
449 144
450 145
451 142
452 142
453 145
454 143
455 146
456 148
457 146
458 145
459 145
460 149
461 152
462 148
463 146
464 147
465 144
466 144
467 147
468 147
469 143
470 143
471 143
472 141
473 145
474 143
475 142
476 140
477 141
478 142
479 140
480 140
481 140
482 140
483 134
484 134
485 134
486 136
487 135
488 134
489 135
490 135
491 132
492 129
493 130
494 131
495 131
496 134
497 135
498 137
499 137
500 138
    Run 9
1   0
2   0
3   0
4   0
5   0
6   0
7   0
8   0
9   0
10  1
11  2
12  2
13  2
14  2
15  3
16  3
17  5
18  6
19  6
20  6
21  6
22  6
23  6
24  6
25  7
26  7
27  7
28  7
29  8
30  9
31  9
32  10
33  10
34  10
35  11
36  11
37  12
38  12
39  13
40  14
41  16
42  16
43  17
44  17
45  18
46  18
47  20
48  22
49  23
50  24
51  25
52  26
53  27
54  28
55  28
56  29
57  31
58  34
59  35
60  34
61  35
62  37
63  38
64  38
65  37
66  37
67  37
68  37
69  38
70  41
71  41
72  42
73  42
74  42
75  43
76  44
77  45
78  46
79  45
80  45
81  47
82  47
83  49
84  50
85  50
86  50
87  49
88  49
89  49
90  49
91  47
92  47
93  46
94  46
95  46
96  46
97  45
98  44
99  45
100 44
101 43
102 42
103 42
104 41
105 42
106 43
107 44
108 41
109 41
110 41
111 40
112 39
113 38
114 38
115 38
116 38
117 36
118 35
119 35
120 32
121 32
122 31
123 33
124 34
125 32
126 31
127 31
128 30
129 32
130 32
131 31
132 30
133 28
134 28
135 27
136 28
137 29
138 29
139 30
140 29
141 29
142 29
143 29
144 29
145 29
146 29
147 28
148 27
149 25
150 26
151 26
152 26
153 26
154 26
155 26
156 25
157 22
158 22
159 23
160 24
161 24
162 25
163 27
164 29
165 36
166 37
167 38
168 43
169 44
170 46
171 48
172 50
173 50
174 49
175 53
176 55
177 56
178 58
179 58
180 58
181 59
182 65
183 71
184 72
185 76
186 77
187 81
188 85
189 89
190 91
191 92
192 94
193 98
194 100
195 101
196 106
197 109
198 114
199 115
200 115
201 115
202 121
203 123
204 125
205 129
206 132
207 135
208 137
209 135
210 139
211 142
212 146
213 147
214 147
215 142
216 147
217 148
218 145
219 145
220 145
221 144
222 146
223 147
224 150
225 150
226 154
227 155
228 157
229 158
230 161
231 165
232 162
233 160
234 161
235 162
236 162
237 160
238 162
239 158
240 158
241 162
242 163
243 162
244 161
245 160
246 156
247 154
248 149
249 150
250 152
251 152
252 150
253 152
254 151
255 147
256 146
257 144
258 144
259 149
260 153
261 153
262 148
263 151
264 150
265 153
266 149
267 148
268 149
269 149
270 153
271 153
272 156
273 155
274 154
275 151
276 151
277 152
278 151
279 153
280 150
281 145
282 143
283 141
284 140
285 136
286 135
287 134
288 129
289 130
290 128
291 125
292 123
293 124
294 126
295 130
296 134
297 135
298 136
299 136
300 136
301 138
302 135
303 133
304 134
305 134
306 138
307 137
308 138
309 134
310 128
311 126
312 127
313 122
314 125
315 121
316 122
317 125
318 124
319 123
320 119
321 125
322 119
323 118
324 120
325 121
326 119
327 118
328 116
329 112
330 114
331 116
332 119
333 118
334 119
335 121
336 122
337 123
338 124
339 122
340 123
341 123
342 123
343 119
344 119
345 119
346 114
347 117
348 117
349 121
350 118
351 120
352 122
353 121
354 121
355 121
356 117
357 120
358 119
359 121
360 122
361 124
362 123
363 122
364 120
365 124
366 124
367 121
368 122
369 124
370 125
371 121
372 123
373 126
374 126
375 126
376 125
377 123
378 123
379 124
380 124
381 122
382 122
383 122
384 121
385 120
386 120
387 120
388 120
389 120
390 122
391 121
392 124
393 126
394 127
395 127
396 129
397 125
398 126
399 121
400 125
401 121
402 118
403 118
404 118
405 117
406 117
407 116
408 115
409 114
410 113
411 112
412 114
413 118
414 118
415 117
416 117
417 119
418 120
419 120
420 118
421 118
422 120
423 121
424 120
425 121
426 120
427 123
428 125
429 126
430 125
431 127
432 125
433 125
434 126
435 127
436 126
437 126
438 126
439 128
440 128
441 128
442 128
443 130
444 127
445 122
446 121
447 124
448 124
449 126
450 124
451 128
452 128
453 126
454 129
455 130
456 129
457 131
458 132
459 133
460 133
461 131
462 131
463 129
464 130
465 131
466 134
467 135
468 135
469 138
470 139
471 137
472 136
473 136
474 137
475 138
476 137
477 135
478 133
479 133
480 134
481 133
482 133
483 135
484 135
485 134
486 134
487 137
488 135
489 132
490 131
491 131
492 132
493 131
494 130
495 132
496 132
497 131
498 132
499 130
500 134
