    Run 0
1   0
2   0
3   0
4   1
5   17
6   50
7   99
8   142
9   181
10  226
11  264
12  303
13  352
14  404
15  444
16  484
17  531
18  585
19  629
20  675
21  728
22  779
23  823
24  869
25  913
26  952
27  994
28  1047
29  1081
30  1130
31  1173
32  1207
33  1255
34  1293
35  1333
36  1371
37  1413
38  1451
39  1488
40  1539
41  1582
42  1634
43  1680
44  1723
45  1768
46  1803
47  1847
48  1892
49  1922
50  1969
51  2011
52  2052
53  2089
54  2113
55  2158
56  2198
57  2232
58  2268
59  2304
60  2335
61  2370
62  2409
63  2433
64  2461
65  2490
66  2519
67  2550
68  2591
69  2624
70  2667
71  2692
72  2717
73  2752
74  2787
75  2819
76  2849
77  2881
78  2924
79  2955
80  2981
81  3010
82  3043
83  3064
84  3096
85  3124
86  3144
87  3159
88  3194
89  3219
90  3245
91  3274
92  3291
93  3322
94  3349
95  3379
96  3399
97  3422
98  3453
99  3479
100 3508
101 3536
102 3555
103 3593
104 3609
105 3628
106 3642
107 3661
108 3679
109 3698
110 3717
111 3734
112 3756
113 3776
114 3787
115 3802
116 3820
117 3836
118 3850
119 3879
120 3896
121 3910
122 3923
123 3938
124 3958
125 3974
126 3994
127 4016
128 4040
129 4054
130 4068
131 4084
132 4096
133 4111
134 4123
135 4135
136 4148
137 4163
138 4171
139 4187
140 4200
141 4209
142 4217
143 4232
144 4248
145 4262
146 4277
147 4284
148 4300
149 4316
150 4322
151 4335
152 4341
153 4352
154 4365
155 4364
156 4338
157 4298
158 4270
159 4242
160 4231
161 4243
162 4240
163 4238
164 4251
165 4247
166 4255
167 4263
168 4262
169 4276
170 4278
171 4270
172 4273
173 4272
174 4284
175 4284
176 4312
177 4323
178 4317
179 4328
180 4323
181 4254
182 4116
183 3947
184 3759
185 3587
186 3437
187 3322
188 3203
189 3137
190 3045
191 2943
192 2825
193 2718
194 2652
195 2484
196 2382
197 2252
198 2144
199 2053
200 1996
201 1886
202 1811
203 1708
204 1612
205 1543
206 1469
207 1414
208 1340
209 1272
210 1206
211 1145
212 1083
213 1024
214 976
215 956
216 934
217 897
218 870
219 839
220 800
221 772
222 741
223 719
224 720
225 688
226 672
227 675
228 658
229 640
230 624
231 627
232 622
233 623
234 615
235 614
236 629
237 625
238 620
239 634
240 645
241 655
242 665
243 673
244 704
245 728
246 768
247 791
248 812
249 845
250 868
251 880
252 917
253 921
254 936
255 957
256 979
257 1008
258 1031
259 1053
260 1107
261 1131
262 1155
263 1195
264 1224
265 1254
266 1277
267 1303
268 1332
269 1353
270 1380
271 1416
272 1455
273 1482
274 1504
275 1513
276 1532
277 1544
278 1568
279 1591
280 1606
281 1625
282 1650
283 1655
284 1688
285 1706
286 1733
287 1751
288 1735
289 1730
290 1721
291 1737
292 1730
293 1744
294 1770
295 1786
296 1808
297 1805
298 1832
299 1848
300 1868
301 1869
302 1888
303 1901
304 1894
305 1893
306 1900
307 1880
308 1875
309 1884
310 1863
311 1859
312 1872
313 1889
314 1877
315 1873
316 1861
317 1861
318 1851
319 1855
320 1816
321 1830
322 1812
323 1818
324 1824
325 1813
326 1802
327 1774
328 1799
329 1793
330 1781
331 1834
332 1909
333 1990
334 2087
335 2150
336 2194
337 2226
338 2248
339 2276
340 2306
341 2328
342 2366
343 2393
344 2416
345 2446
346 2466
347 2499
348 2519
349 2545
350 2571
351 2599
352 2619
353 2649
354 2679
355 2702
356 2727
357 2736
358 2749
359 2782
360 2788
361 2809
362 2839
363 2858
364 2871
365 2898
366 2925
367 2968
368 3001
369 3037
370 3065
371 3086
372 3121
373 3144
374 3158
375 3178
376 3202
377 3217
378 3240
379 3254
380 3258
381 3292
382 3320
383 3344
384 3351
385 3358
386 3353
387 3358
388 3359
389 3382
390 3400
391 3420
392 3442
393 3461
394 3477
395 3496
396 3515
397 3534
398 3545
399 3557
400 3571
401 3595
402 3616
403 3635
404 3653
405 3649
406 3647
407 3659
408 3672
409 3677
410 3694
411 3710
412 3705
413 3725
414 3730
415 3739
416 3747
417 3769
418 3786
419 3800
420 3812
421 3803
422 3805
423 3816
424 3804
425 3805
426 3820
427 3826
428 3833
429 3833
430 3833
431 3855
432 3858
433 3876
434 3883
435 3888
436 3890
437 3896
438 3903
439 3904
440 3921
441 3943
442 3949
443 3936
444 3945
445 3955
446 3953
447 3963
448 3983
449 3992
450 3991
451 3994
452 3991
453 3989
454 4002
455 3990
456 4006
457 4006
458 3994
459 3996
460 4000
461 4005
462 4003
463 3998
464 3997
465 3985
466 3991
467 3987
468 3965
469 3947
470 3950
471 3951
472 3949
473 3963
474 3964
475 3954
476 3958
477 3953
478 3951
479 3958
480 3971
481 3967
482 3960
483 3955
484 3945
485 3928
486 3937
487 3934
488 3953
489 3970
490 3962
491 3975
492 3991
493 3983
494 3995
495 4003
496 3988
497 3992
498 3984
499 3988
500 3978
    Run 1
1   0
2   0
3   0
4   1
5   17
6   50
7   99
8   142
9   181
10  226
11  264
12  303
13  352
14  404
15  444
16  484
17  531
18  585
19  629
20  675
21  728
22  779
23  823
24  869
25  913
26  952
27  994
28  1047
29  1081
30  1130
31  1173
32  1207
33  1255
34  1293
35  1333
36  1371
37  1413
38  1451
39  1488
40  1539
41  1582
42  1634
43  1680
44  1723
45  1768
46  1803
47  1847
48  1892
49  1922
50  1969
51  2011
52  2052
53  2089
54  2113
55  2158
56  2198
57  2232
58  2268
59  2304
60  2335
61  2370
62  2409
63  2433
64  2461
65  2490
66  2519
67  2550
68  2591
69  2624
70  2667
71  2692
72  2717
73  2752
74  2787
75  2819
76  2849
77  2881
78  2924
79  2955
80  2981
81  3010
82  3043
83  3064
84  3096
85  3124
86  3144
87  3159
88  3194
89  3219
90  3245
91  3274
92  3291
93  3322
94  3349
95  3379
96  3399
97  3422
98  3453
99  3479
100 3508
101 3536
102 3555
103 3593
104 3609
105 3628
106 3642
107 3661
108 3679
109 3698
110 3717
111 3734
112 3756
113 3776
114 3787
115 3802
116 3820
117 3836
118 3850
119 3879
120 3896
121 3910
122 3923
123 3938
124 3958
125 3974
126 3994
127 4016
128 4040
129 4054
130 4068
131 4084
132 4096
133 4111
134 4123
135 4135
136 4148
137 4163
138 4171
139 4187
140 4200
141 4209
142 4217
143 4232
144 4248
145 4262
146 4277
147 4284
148 4300
149 4316
150 4322
151 4335
152 4341
153 4352
154 4365
155 4364
156 4338
157 4298
158 4270
159 4242
160 4231
161 4243
162 4240
163 4238
164 4251
165 4247
166 4255
167 4263
168 4262
169 4276
170 4278
171 4270
172 4273
173 4272
174 4284
175 4284
176 4312
177 4323
178 4317
179 4328
180 4323
181 4254
182 4116
183 3947
184 3759
185 3587
186 3437
187 3322
188 3203
189 3137
190 3045
191 2943
192 2825
193 2718
194 2652
195 2484
196 2382
197 2252
198 2144
199 2053
200 1996
201 1886
202 1811
203 1708
204 1612
205 1543
206 1469
207 1414
208 1340
209 1272
210 1206
211 1145
212 1083
213 1024
214 976
215 956
216 934
217 897
218 870
219 839
220 800
221 772
222 741
223 719
224 720
225 688
226 672
227 675
228 658
229 640
230 624
231 627
232 622
233 623
234 615
235 614
236 629
237 625
238 620
239 634
240 645
241 655
242 665
243 673
244 704
245 728
246 768
247 791
248 812
249 845
250 868
251 880
252 917
253 921
254 936
255 957
256 979
257 1008
258 1031
259 1053
260 1107
261 1131
262 1155
263 1195
264 1224
265 1254
266 1277
267 1303
268 1332
269 1353
270 1380
271 1416
272 1455
273 1482
274 1504
275 1513
276 1532
277 1544
278 1568
279 1591
280 1606
281 1625
282 1650
283 1655
284 1688
285 1706
286 1733
287 1751
288 1735
289 1730
290 1721
291 1737
292 1730
293 1744
294 1770
295 1786
296 1808
297 1805
298 1832
299 1848
300 1868
301 1912
302 1978
303 2036
304 2106
305 2176
306 2222
307 2263
308 2293
309 2333
310 2367
311 2395
312 2428
313 2468
314 2491
315 2524
316 2556
317 2597
318 2609
319 2640
320 2676
321 2712
322 2736
323 2767
324 2793
325 2837
326 2854
327 2877
328 2903
329 2935
330 2953
331 2987
332 3011
333 3040
334 3068
335 3090
336 3119
337 3144
338 3167
339 3189
340 3218
341 3240
342 3264
343 3288
344 3295
345 3314
346 3319
347 3346
348 3371
349 3396
350 3415
351 3438
352 3455
353 3466
354 3475
355 3499
356 3511
357 3524
358 3541
359 3543
360 3567
361 3591
362 3614
363 3633
364 3650
365 3653
366 3650
367 3656
368 3672
369 3696
370 3707
371 3725
372 3730
373 3738
374 3750
375 3767
376 3777
377 3787
378 3798
379 3806
380 3822
381 3835
382 3856
383 3867
384 3880
385 3882
386 3880
387 3881
388 3895
389 3886
390 3888
391 3902
392 3907
393 3929
394 3937
395 3949
396 3957
397 3960
398 3979
399 3992
400 4004
401 4009
402 3995
403 3998
404 4014
405 4010
406 4013
407 4024
408 4012
409 4032
410 4015
411 4024
412 4039
413 4053
414 4066
415 4088
416 4090
417 4080
418 4077
419 4076
420 4082
421 4065
422 4064
423 4074
424 4090
425 4101
426 4105
427 4103
428 4081
429 4074
430 4059
431 4080
432 4085
433 4081
434 4070
435 4077
436 4085
437 4081
438 4098
439 4100
440 4089
441 4094
442 4082
443 4060
444 4051
445 4033
446 4028
447 4013
448 4030
449 4022
450 4003
451 3999
452 4003
453 4005
454 3979
455 3957
456 3955
457 3953
458 3961
459 3939
460 3955
461 3953
462 3933
463 3941
464 3936
465 3935
466 3928
467 3925
468 3920
469 3936
470 3929
471 3923
472 3921
473 3909
474 3911
475 3903
476 3920
477 3918
478 3913
479 3902
480 3891
481 3873
482 3864
483 3856
484 3863
485 3894
486 3903
487 3895
488 3908
489 3899
490 3893
491 3868
492 3866
493 3863
494 3875
495 3877
496 3906
497 3898
498 3888
499 3882
500 3875
    Run 2
1   0
2   0
3   0
4   1
5   17
6   50
7   99
8   142
9   181
10  226
11  264
12  303
13  352
14  404
15  444
16  484
17  531
18  585
19  629
20  675
21  728
22  779
23  823
24  869
25  913
26  952
27  994
28  1047
29  1081
30  1130
31  1173
32  1207
33  1255
34  1293
35  1333
36  1371
37  1413
38  1451
39  1488
40  1539
41  1582
42  1634
43  1680
44  1723
45  1768
46  1803
47  1847
48  1892
49  1922
50  1969
51  2011
52  2052
53  2089
54  2113
55  2158
56  2198
57  2232
58  2268
59  2304
60  2335
61  2370
62  2409
63  2433
64  2461
65  2490
66  2519
67  2550
68  2591
69  2624
70  2667
71  2692
72  2717
73  2752
74  2787
75  2819
76  2849
77  2881
78  2924
79  2955
80  2981
81  3010
82  3043
83  3064
84  3096
85  3124
86  3144
87  3159
88  3194
89  3219
90  3245
91  3274
92  3291
93  3322
94  3349
95  3379
96  3399
97  3422
98  3453
99  3479
100 3508
101 3536
102 3555
103 3593
104 3609
105 3628
106 3642
107 3661
108 3679
109 3698
110 3717
111 3734
112 3756
113 3776
114 3787
115 3802
116 3820
117 3836
118 3850
119 3879
120 3896
121 3910
122 3923
123 3938
124 3958
125 3974
126 3994
127 4016
128 4040
129 4054
130 4068
131 4084
132 4096
133 4111
134 4123
135 4135
136 4148
137 4163
138 4171
139 4187
140 4200
141 4209
142 4217
143 4232
144 4248
145 4262
146 4277
147 4284
148 4300
149 4316
150 4322
151 4335
152 4341
153 4352
154 4365
155 4364
156 4338
157 4298
158 4270
159 4242
160 4231
161 4243
162 4240
163 4238
164 4251
165 4247
166 4255
167 4263
168 4262
169 4276
170 4278
171 4270
172 4273
173 4272
174 4284
175 4284
176 4312
177 4323
178 4317
179 4328
180 4323
181 4254
182 4116
183 3947
184 3759
185 3587
186 3437
187 3322
188 3203
189 3137
190 3045
191 2943
192 2825
193 2718
194 2652
195 2484
196 2382
197 2252
198 2144
199 2053
200 1996
201 1886
202 1811
203 1708
204 1612
205 1543
206 1469
207 1414
208 1340
209 1272
210 1206
211 1145
212 1083
213 1024
214 976
215 956
216 934
217 897
218 870
219 839
220 800
221 772
222 741
223 719
224 720
225 688
226 672
227 675
228 658
229 640
230 624
231 627
232 622
233 623
234 615
235 614
236 629
237 625
238 620
239 634
240 645
241 655
242 665
243 673
244 704
245 728
246 768
247 791
248 812
249 845
250 868
251 880
252 917
253 921
254 936
255 957
256 979
257 1008
258 1031
259 1053
260 1107
261 1131
262 1155
263 1195
264 1224
265 1254
266 1277
267 1303
268 1332
269 1353
270 1380
271 1416
272 1455
273 1482
274 1504
275 1513
276 1532
277 1544
278 1568
279 1591
280 1606
281 1629
282 1688
283 1742
284 1810
285 1877
286 1935
287 1995
288 2026
289 2062
290 2093
291 2127
292 2158
293 2191
294 2223
295 2259
296 2280
297 2306
298 2338
299 2373
300 2402
301 2424
302 2479
303 2510
304 2542
305 2562
306 2588
307 2622
308 2640
309 2671
310 2699
311 2736
312 2763
313 2789
314 2822
315 2848
316 2872
317 2886
318 2905
319 2932
320 2957
321 2992
322 3014
323 3037
324 3063
325 3081
326 3106
327 3143
328 3165
329 3200
330 3231
331 3247
332 3279
333 3301
334 3336
335 3358
336 3388
337 3408
338 3429
339 3459
340 3461
341 3493
342 3511
343 3530
344 3541
345 3551
346 3558
347 3565
348 3572
349 3591
350 3621
351 3621
352 3639
353 3659
354 3670
355 3689
356 3706
357 3718
358 3743
359 3741
360 3752
361 3768
362 3773
363 3775
364 3778
365 3789
366 3789
367 3802
368 3813
369 3818
370 3833
371 3838
372 3842
373 3844
374 3859
375 3862
376 3882
377 3890
378 3897
379 3915
380 3926
381 3930
382 3935
383 3952
384 3977
385 3988
386 3986
387 4000
388 3996
389 4007
390 4003
391 4013
392 4025
393 4023
394 4019
395 4044
396 4040
397 4032
398 4031
399 4041
400 4031
401 4035
402 4028
403 4017
404 4027
405 4038
406 4063
407 4079
408 4099
409 4103
410 4084
411 4078
412 4087
413 4076
414 4074
415 4076
416 4097
417 4096
418 4117
419 4109
420 4097
421 4087
422 4071
423 4065
424 4065
425 4058
426 4050
427 4034
428 4029
429 4015
430 4005
431 4012
432 3996
433 3995
434 4007
435 3974
436 3947
437 3942
438 3941
439 3947
440 3954
441 3993
442 3979
443 3981
444 3985
445 3984
446 3983
447 3971
448 3959
449 3945
450 3935
451 3950
452 3943
453 3935
454 3937
455 3934
456 3922
457 3926
458 3915
459 3903
460 3879
461 3863
462 3867
463 3886
464 3879
465 3884
466 3867
467 3873
468 3862
469 3872
470 3856
471 3860
472 3834
473 3845
474 3826
475 3845
476 3838
477 3842
478 3825
479 3829
480 3824
481 3824
482 3824
483 3833
484 3839
485 3843
486 3855
487 3832
488 3855
489 3866
490 3870
491 3842
492 3849
493 3854
494 3845
495 3851
496 3845
497 3844
498 3826
499 3813
500 3800
    Run 3
1   0
2   0
3   0
4   1
5   17
6   50
7   99
8   142
9   181
10  226
11  264
12  303
13  352
14  404
15  444
16  484
17  531
18  585
19  629
20  675
21  728
22  779
23  823
24  869
25  913
26  952
27  994
28  1047
29  1081
30  1130
31  1173
32  1207
33  1255
34  1293
35  1333
36  1371
37  1413
38  1451
39  1488
40  1539
41  1582
42  1634
43  1680
44  1723
45  1768
46  1803
47  1847
48  1892
49  1922
50  1969
51  2011
52  2052
53  2089
54  2113
55  2158
56  2198
57  2232
58  2268
59  2304
60  2335
61  2370
62  2409
63  2433
64  2461
65  2490
66  2519
67  2550
68  2591
69  2624
70  2667
71  2692
72  2717
73  2752
74  2787
75  2819
76  2849
77  2881
78  2924
79  2955
80  2981
81  3010
82  3043
83  3064
84  3096
85  3124
86  3144
87  3159
88  3194
89  3219
90  3245
91  3274
92  3291
93  3322
94  3349
95  3379
96  3399
97  3422
98  3453
99  3479
100 3508
101 3536
102 3555
103 3593
104 3609
105 3628
106 3642
107 3661
108 3679
109 3698
110 3717
111 3734
112 3756
113 3776
114 3787
115 3802
116 3820
117 3836
118 3850
119 3879
120 3896
121 3910
122 3923
123 3938
124 3958
125 3974
126 3994
127 4016
128 4040
129 4054
130 4068
131 4084
132 4096
133 4111
134 4123
135 4135
136 4148
137 4163
138 4171
139 4187
140 4200
141 4209
142 4217
143 4232
144 4248
145 4262
146 4277
147 4284
148 4300
149 4316
150 4322
151 4335
152 4341
153 4352
154 4365
155 4364
156 4338
157 4298
158 4270
159 4242
160 4231
161 4243
162 4240
163 4238
164 4251
165 4247
166 4255
167 4263
168 4262
169 4276
170 4278
171 4270
172 4273
173 4272
174 4284
175 4284
176 4312
177 4323
178 4317
179 4328
180 4323
181 4254
182 4116
183 3947
184 3759
185 3587
186 3437
187 3322
188 3203
189 3137
190 3045
191 2943
192 2825
193 2718
194 2652
195 2484
196 2382
197 2252
198 2144
199 2053
200 1996
201 1886
202 1811
203 1708
204 1612
205 1543
206 1469
207 1414
208 1340
209 1272
210 1206
211 1145
212 1083
213 1024
214 976
215 956
216 934
217 897
218 870
219 839
220 800
221 772
222 741
223 719
224 720
225 688
226 672
227 675
228 658
229 640
230 624
231 627
232 622
233 623
234 615
235 614
236 629
237 625
238 620
239 634
240 645
241 655
242 665
243 673
244 704
245 728
246 768
247 791
248 812
249 845
250 868
251 880
252 917
253 921
254 936
255 957
256 979
257 1008
258 1031
259 1053
260 1107
261 1131
262 1155
263 1195
264 1224
265 1254
266 1277
267 1303
268 1332
269 1353
270 1380
271 1419
272 1480
273 1534
274 1592
275 1645
276 1694
277 1734
278 1781
279 1811
280 1870
281 1902
282 1943
283 1987
284 2014
285 2055
286 2091
287 2129
288 2165
289 2191
290 2222
291 2257
292 2285
293 2316
294 2347
295 2381
296 2408
297 2425
298 2458
299 2487
300 2518
301 2553
302 2575
303 2598
304 2613
305 2638
306 2667
307 2691
308 2734
309 2757
310 2793
311 2824
312 2845
313 2866
314 2897
315 2929
316 2946
317 2969
318 2996
319 3021
320 3040
321 3058
322 3079
323 3095
324 3127
325 3154
326 3171
327 3183
328 3204
329 3221
330 3240
331 3272
332 3294
333 3311
334 3334
335 3360
336 3379
337 3404
338 3421
339 3428
340 3441
341 3447
342 3472
343 3485
344 3498
345 3512
346 3524
347 3532
348 3556
349 3562
350 3585
351 3606
352 3611
353 3615
354 3621
355 3637
356 3638
357 3647
358 3648
359 3670
360 3686
361 3707
362 3714
363 3713
364 3712
365 3736
366 3742
367 3744
368 3765
369 3777
370 3794
371 3797
372 3808
373 3826
374 3832
375 3818
376 3836
377 3838
378 3838
379 3855
380 3843
381 3851
382 3849
383 3851
384 3856
385 3856
386 3858
387 3866
388 3864
389 3877
390 3889
391 3882
392 3889
393 3882
394 3881
395 3885
396 3870
397 3879
398 3891
399 3896
400 3907
401 3886
402 3894
403 3899
404 3918
405 3903
406 3904
407 3902
408 3888
409 3875
410 3850
411 3867
412 3868
413 3854
414 3862
415 3874
416 3853
417 3841
418 3867
419 3863
420 3854
421 3849
422 3836
423 3817
424 3809
425 3796
426 3803
427 3819
428 3823
429 3823
430 3833
431 3839
432 3820
433 3821
434 3819
435 3801
436 3808
437 3824
438 3815
439 3808
440 3815
441 3794
442 3778
443 3790
444 3783
445 3764
446 3767
447 3788
448 3785
449 3786
450 3781
451 3765
452 3797
453 3799
454 3808
455 3812
456 3811
457 3812
458 3807
459 3786
460 3800
461 3801
462 3782
463 3791
464 3800
465 3778
466 3801
467 3810
468 3821
469 3826
470 3830
471 3825
472 3819
473 3815
474 3798
475 3789
476 3796
477 3789
478 3797
479 3809
480 3795
481 3813
482 3825
483 3835
484 3814
485 3826
486 3831
487 3841
488 3835
489 3847
490 3869
491 3870
492 3887
493 3897
494 3888
495 3881
496 3901
497 3915
498 3910
499 3912
500 3917
    Run 4
1   0
2   0
3   0
4   1
5   17
6   50
7   99
8   142
9   181
10  226
11  264
12  303
13  352
14  404
15  444
16  484
17  531
18  585
19  629
20  675
21  728
22  779
23  823
24  869
25  913
26  952
27  994
28  1047
29  1081
30  1130
31  1173
32  1207
33  1255
34  1293
35  1333
36  1371
37  1413
38  1451
39  1488
40  1539
41  1582
42  1634
43  1680
44  1723
45  1768
46  1803
47  1847
48  1892
49  1922
50  1969
51  2011
52  2052
53  2089
54  2113
55  2158
56  2198
57  2232
58  2268
59  2304
60  2335
61  2370
62  2409
63  2433
64  2461
65  2490
66  2519
67  2550
68  2591
69  2624
70  2667
71  2692
72  2717
73  2752
74  2787
75  2819
76  2849
77  2881
78  2924
79  2955
80  2981
81  3010
82  3043
83  3064
84  3096
85  3124
86  3144
87  3159
88  3194
89  3219
90  3245
91  3274
92  3291
93  3322
94  3349
95  3379
96  3399
97  3422
98  3453
99  3479
100 3508
101 3536
102 3555
103 3593
104 3609
105 3628
106 3642
107 3661
108 3679
109 3698
110 3717
111 3734
112 3756
113 3776
114 3787
115 3802
116 3820
117 3836
118 3850
119 3879
120 3896
121 3910
122 3923
123 3938
124 3958
125 3974
126 3994
127 4016
128 4040
129 4054
130 4068
131 4084
132 4096
133 4111
134 4123
135 4135
136 4148
137 4163
138 4171
139 4187
140 4200
141 4209
142 4217
143 4232
144 4248
145 4262
146 4277
147 4284
148 4300
149 4316
150 4322
151 4335
152 4341
153 4352
154 4365
155 4364
156 4338
157 4298
158 4270
159 4242
160 4231
161 4243
162 4240
163 4238
164 4251
165 4247
166 4255
167 4263
168 4262
169 4276
170 4278
171 4270
172 4273
173 4272
174 4284
175 4284
176 4312
177 4323
178 4317
179 4328
180 4323
181 4254
182 4116
183 3947
184 3759
185 3587
186 3437
187 3322
188 3203
189 3137
190 3045
191 2943
192 2825
193 2718
194 2652
195 2484
196 2382
197 2252
198 2144
199 2053
200 1996
201 1886
202 1811
203 1708
204 1612
205 1543
206 1469
207 1414
208 1340
209 1272
210 1206
211 1145
212 1083
213 1024
214 976
215 956
216 934
217 897
218 870
219 839
220 800
221 772
222 741
223 719
224 720
225 688
226 672
227 675
228 658
229 640
230 624
231 627
232 622
233 623
234 615
235 614
236 629
237 625
238 620
239 634
240 645
241 655
242 665
243 673
244 704
245 728
246 768
247 791
248 812
249 845
250 868
251 880
252 917
253 921
254 936
255 957
256 979
257 1008
258 1031
259 1053
260 1107
261 1149
262 1195
263 1250
264 1309
265 1360
266 1393
267 1452
268 1489
269 1522
270 1561
271 1598
272 1653
273 1694
274 1736
275 1773
276 1810
277 1847
278 1875
279 1914
280 1962
281 1997
282 2040
283 2090
284 2133
285 2159
286 2184
287 2238
288 2268
289 2290
290 2326
291 2361
292 2385
293 2422
294 2450
295 2482
296 2502
297 2533
298 2556
299 2586
300 2621
301 2660
302 2684
303 2709
304 2739
305 2770
306 2794
307 2817
308 2844
309 2884
310 2888
311 2906
312 2937
313 2956
314 2991
315 3015
316 3033
317 3058
318 3087
319 3106
320 3135
321 3163
322 3188
323 3214
324 3241
325 3271
326 3284
327 3309
328 3326
329 3348
330 3374
331 3387
332 3407
333 3437
334 3446
335 3466
336 3489
337 3502
338 3517
339 3534
340 3548
341 3562
342 3578
343 3596
344 3609
345 3613
346 3635
347 3651
348 3665
349 3674
350 3693
351 3704
352 3704
353 3724
354 3738
355 3751
356 3758
357 3778
358 3792
359 3807
360 3808
361 3800
362 3812
363 3826
364 3826
365 3860
366 3861
367 3865
368 3875
369 3877
370 3880
371 3898
372 3898
373 3904
374 3921
375 3927
376 3936
377 3929
378 3938
379 3936
380 3949
381 3959
382 3942
383 3950
384 3948
385 3968
386 3971
387 3983
388 3994
389 4007
390 4029
391 4013
392 4003
393 3991
394 3976
395 3971
396 3979
397 3984
398 3987
399 3976
400 3978
401 3985
402 3976
403 3981
404 3993
405 3987
406 3987
407 3988
408 3989
409 4000
410 3993
411 3999
412 3999
413 3974
414 3972
415 3962
416 3953
417 3967
418 3972
419 3976
420 3974
421 3967
422 3976
423 3991
424 3990
425 4004
426 3991
427 4004
428 3999
429 3993
430 3970
431 3979
432 3968
433 3956
434 3941
435 3949
436 3927
437 3909
438 3924
439 3926
440 3920
441 3928
442 3946
443 3957
444 3949
445 3962
446 3945
447 3949
448 3961
449 3938
450 3946
451 3955
452 3956
453 3962
454 3967
455 3983
456 3979
457 3973
458 3977
459 3966
460 3948
461 3951
462 3943
463 3944
464 3940
465 3926
466 3917
467 3930
468 3917
469 3908
470 3934
471 3942
472 3940
473 3946
474 3918
475 3903
476 3905
477 3903
478 3908
479 3913
480 3909
481 3902
482 3905
483 3914
484 3902
485 3895
486 3896
487 3893
488 3896
489 3892
490 3894
491 3887
492 3888
493 3892
494 3896
495 3898
496 3903
497 3903
498 3910
499 3893
500 3892
    Run 5
1   0
2   0
3   0
4   1
5   17
6   50
7   99
8   142
9   181
10  226
11  264
12  303
13  352
14  404
15  444
16  484
17  531
18  585
19  629
20  675
21  728
22  779
23  823
24  869
25  913
26  952
27  994
28  1047
29  1081
30  1130
31  1173
32  1207
33  1255
34  1293
35  1333
36  1371
37  1413
38  1451
39  1488
40  1539
41  1582
42  1634
43  1680
44  1723
45  1768
46  1803
47  1847
48  1892
49  1922
50  1969
51  2011
52  2052
53  2089
54  2113
55  2158
56  2198
57  2232
58  2268
59  2304
60  2335
61  2370
62  2409
63  2433
64  2461
65  2490
66  2519
67  2550
68  2591
69  2624
70  2667
71  2692
72  2717
73  2752
74  2787
75  2819
76  2849
77  2881
78  2924
79  2955
80  2981
81  3010
82  3043
83  3064
84  3096
85  3124
86  3144
87  3159
88  3194
89  3219
90  3245
91  3274
92  3291
93  3322
94  3349
95  3379
96  3399
97  3422
98  3453
99  3479
100 3508
101 3536
102 3555
103 3593
104 3609
105 3628
106 3642
107 3661
108 3679
109 3698
110 3717
111 3734
112 3756
113 3776
114 3787
115 3802
116 3820
117 3836
118 3850
119 3879
120 3896
121 3910
122 3923
123 3938
124 3958
125 3974
126 3994
127 4016
128 4040
129 4054
130 4068
131 4084
132 4096
133 4111
134 4123
135 4135
136 4148
137 4163
138 4171
139 4187
140 4200
141 4209
142 4217
143 4232
144 4248
145 4262
146 4277
147 4284
148 4300
149 4316
150 4322
151 4335
152 4341
153 4352
154 4365
155 4364
156 4338
157 4298
158 4270
159 4242
160 4231
161 4243
162 4240
163 4238
164 4251
165 4247
166 4255
167 4263
168 4262
169 4276
170 4278
171 4270
172 4273
173 4272
174 4284
175 4284
176 4312
177 4323
178 4317
179 4328
180 4323
181 4254
182 4116
183 3947
184 3759
185 3587
186 3437
187 3322
188 3203
189 3137
190 3045
191 2943
192 2825
193 2718
194 2652
195 2484
196 2382
197 2252
198 2144
199 2053
200 1996
201 1886
202 1811
203 1708
204 1612
205 1543
206 1469
207 1414
208 1340
209 1272
210 1206
211 1145
212 1083
213 1024
214 976
215 956
216 934
217 897
218 870
219 839
220 800
221 772
222 741
223 719
224 720
225 688
226 672
227 675
228 658
229 640
230 624
231 627
232 622
233 623
234 615
235 614
236 629
237 625
238 620
239 634
240 646
241 687
242 744
243 808
244 880
245 933
246 987
247 1030
248 1054
249 1097
250 1132
251 1173
252 1203
253 1238
254 1289
255 1334
256 1367
257 1395
258 1431
259 1465
260 1498
261 1540
262 1583
263 1627
264 1666
265 1695
266 1757
267 1804
268 1848
269 1876
270 1927
271 1973
272 2008
273 2053
274 2080
275 2123
276 2155
277 2200
278 2232
279 2269
280 2310
281 2352
282 2387
283 2417
284 2437
285 2472
286 2504
287 2539
288 2567
289 2591
290 2622
291 2651
292 2666
293 2688
294 2723
295 2757
296 2779
297 2811
298 2829
299 2839
300 2882
301 2908
302 2930
303 2951
304 2977
305 3010
306 3023
307 3041
308 3068
309 3088
310 3115
311 3136
312 3161
313 3195
314 3196
315 3222
316 3249
317 3264
318 3280
319 3302
320 3330
321 3358
322 3391
323 3412
324 3437
325 3456
326 3466
327 3480
328 3505
329 3512
330 3527
331 3551
332 3571
333 3580
334 3593
335 3614
336 3639
337 3667
338 3679
339 3697
340 3723
341 3723
342 3755
343 3774
344 3790
345 3797
346 3801
347 3808
348 3819
349 3830
350 3840
351 3868
352 3879
353 3905
354 3910
355 3908
356 3919
357 3924
358 3934
359 3942
360 3957
361 3974
362 3980
363 3983
364 3987
365 3982
366 4000
367 4004
368 4006
369 4006
370 4021
371 4022
372 4016
373 4027
374 4039
375 4037
376 4046
377 4041
378 4033
379 4039
380 4035
381 4047
382 4049
383 4043
384 4050
385 4056
386 4039
387 4036
388 4045
389 4055
390 4042
391 4038
392 4033
393 4026
394 3986
395 3989
396 3994
397 4007
398 4011
399 4015
400 4022
401 4003
402 4001
403 3996
404 3998
405 4001
406 3999
407 4016
408 4017
409 4024
410 4030
411 4037
412 4043
413 4039
414 4036
415 4031
416 4022
417 4019
418 4008
419 4009
420 3998
421 4003
422 4010
423 4003
424 4005
425 3975
426 3981
427 3985
428 3992
429 3990
430 3965
431 3965
432 3959
433 3954
434 3953
435 3960
436 3960
437 3959
438 3964
439 3971
440 3966
441 3970
442 3961
443 3930
444 3917
445 3912
446 3896
447 3899
448 3916
449 3923
450 3895
451 3908
452 3925
453 3928
454 3935
455 3909
456 3893
457 3878
458 3864
459 3844
460 3842
461 3851
462 3834
463 3838
464 3834
465 3839
466 3855
467 3855
468 3847
469 3838
470 3817
471 3790
472 3807
473 3803
474 3810
475 3821
476 3822
477 3820
478 3835
479 3832
480 3832
481 3837
482 3837
483 3857
484 3860
485 3859
486 3868
487 3873
488 3859
489 3868
490 3872
491 3870
492 3856
493 3852
494 3860
495 3864
496 3880
497 3894
498 3893
499 3883
500 3903
    Run 6
1   0
2   0
3   0
4   1
5   17
6   50
7   99
8   142
9   181
10  226
11  264
12  303
13  352
14  404
15  444
16  484
17  531
18  585
19  629
20  675
21  728
22  779
23  823
24  869
25  913
26  952
27  994
28  1047
29  1081
30  1130
31  1173
32  1207
33  1255
34  1293
35  1333
36  1371
37  1413
38  1451
39  1488
40  1539
41  1582
42  1634
43  1680
44  1723
45  1768
46  1803
47  1847
48  1892
49  1922
50  1969
51  2011
52  2052
53  2089
54  2113
55  2158
56  2198
57  2232
58  2268
59  2304
60  2335
61  2370
62  2409
63  2433
64  2461
65  2490
66  2519
67  2550
68  2591
69  2624
70  2667
71  2692
72  2717
73  2752
74  2787
75  2819
76  2849
77  2881
78  2924
79  2955
80  2981
81  3010
82  3043
83  3064
84  3096
85  3124
86  3144
87  3159
88  3194
89  3219
90  3245
91  3274
92  3291
93  3322
94  3349
95  3379
96  3399
97  3422
98  3453
99  3479
100 3508
101 3536
102 3555
103 3593
104 3609
105 3628
106 3642
107 3661
108 3679
109 3698
110 3717
111 3734
112 3756
113 3776
114 3787
115 3802
116 3820
117 3836
118 3850
119 3879
120 3896
121 3910
122 3923
123 3938
124 3958
125 3974
126 3994
127 4016
128 4040
129 4054
130 4068
131 4084
132 4096
133 4111
134 4123
135 4135
136 4148
137 4163
138 4171
139 4187
140 4200
141 4209
142 4217
143 4232
144 4248
145 4262
146 4277
147 4284
148 4300
149 4316
150 4322
151 4335
152 4341
153 4352
154 4365
155 4364
156 4338
157 4298
158 4270
159 4242
160 4231
161 4243
162 4240
163 4238
164 4251
165 4247
166 4255
167 4263
168 4262
169 4276
170 4278
171 4270
172 4273
173 4272
174 4284
175 4284
176 4312
177 4323
178 4317
179 4328
180 4323
181 4254
182 4116
183 3947
184 3759
185 3587
186 3437
187 3322
188 3203
189 3137
190 3045
191 2943
192 2825
193 2718
194 2652
195 2484
196 2382
197 2252
198 2144
199 2053
200 1996
201 1886
202 1811
203 1708
204 1612
205 1543
206 1469
207 1414
208 1340
209 1272
210 1206
211 1232
212 1291
213 1387
214 1465
215 1543
216 1607
217 1647
218 1683
219 1709
220 1736
221 1766
222 1814
223 1844
224 1871
225 1897
226 1935
227 1960
228 1970
229 2000
230 2039
231 2048
232 2074
233 2089
234 2135
235 2166
236 2214
237 2251
238 2289
239 2317
240 2349
241 2380
242 2402
243 2433
244 2488
245 2502
246 2552
247 2588
248 2602
249 2627
250 2651
251 2686
252 2701
253 2729
254 2760
255 2793
256 2823
257 2852
258 2872
259 2904
260 2933
261 2965
262 2987
263 3008
264 3039
265 3074
266 3091
267 3106
268 3123
269 3148
270 3173
271 3204
272 3227
273 3248
274 3260
275 3271
276 3291
277 3313
278 3335
279 3343
280 3364
281 3389
282 3407
283 3424
284 3448
285 3470
286 3477
287 3496
288 3519
289 3536
290 3542
291 3563
292 3580
293 3598
294 3617
295 3649
296 3663
297 3669
298 3676
299 3683
300 3695
301 3705
302 3706
303 3717
304 3718
305 3726
306 3732
307 3731
308 3747
309 3766
310 3755
311 3773
312 3782
313 3787
314 3791
315 3821
316 3813
317 3827
318 3841
319 3860
320 3873
321 3882
322 3897
323 3911
324 3906
325 3910
326 3916
327 3916
328 3928
329 3934
330 3956
331 3953
332 3958
333 3980
334 3983
335 4003
336 4023
337 4017
338 4021
339 4020
340 4033
341 4028
342 4038
343 4025
344 4035
345 4061
346 4052
347 4043
348 4055
349 4059
350 4068
351 4058
352 4081
353 4071
354 4076
355 4089
356 4097
357 4090
358 4098
359 4089
360 4066
361 4078
362 4062
363 4058
364 4069
365 4068
366 4049
367 4058
368 4052
369 4064
370 4085
371 4114
372 4119
373 4109
374 4100
375 4093
376 4082
377 4087
378 4093
379 4105
380 4090
381 4074
382 4075
383 4054
384 4038
385 4032
386 4037
387 4033
388 4016
389 4012
390 4003
391 4009
392 4013
393 3995
394 3997
395 4009
396 4033
397 4043
398 4043
399 4022
400 4024
401 4036
402 4028
403 4032
404 4036
405 4012
406 3978
407 3947
408 3941
409 3938
410 3944
411 3963
412 3977
413 3994
414 3968
415 3988
416 3974
417 3963
418 3958
419 3951
420 3934
421 3918
422 3945
423 3928
424 3910
425 3936
426 3926
427 3929
428 3913
429 3920
430 3913
431 3911
432 3904
433 3918
434 3901
435 3892
436 3887
437 3893
438 3875
439 3878
440 3873
441 3837
442 3818
443 3820
444 3805
445 3815
446 3824
447 3821
448 3809
449 3810
450 3803
451 3809
452 3803
453 3810
454 3814
455 3795
456 3821
457 3818
458 3836
459 3834
460 3853
461 3843
462 3841
463 3829
464 3828
465 3813
466 3813
467 3815
468 3802
469 3794
470 3798
471 3799
472 3817
473 3812
474 3826
475 3832
476 3821
477 3811
478 3804
479 3808
480 3825
481 3808
482 3811
483 3819
484 3813
485 3813
486 3815
487 3836
488 3837
489 3827
490 3823
491 3814
492 3820
493 3818
494 3813
495 3810
496 3839
497 3818
498 3833
499 3834
500 3827
    Run 7
1   0
2   0
3   0
4   1
5   17
6   50
7   99
8   142
9   181
10  226
11  264
12  303
13  352
14  404
15  444
16  484
17  531
18  585
19  629
20  675
21  728
22  779
23  823
24  869
25  913
26  952
27  994
28  1047
29  1081
30  1130
31  1173
32  1207
33  1255
34  1293
35  1333
36  1371
37  1413
38  1451
39  1488
40  1539
41  1582
42  1634
43  1680
44  1723
45  1768
46  1803
47  1847
48  1892
49  1922
50  1969
51  2011
52  2052
53  2089
54  2113
55  2158
56  2198
57  2232
58  2268
59  2304
60  2335
61  2370
62  2409
63  2433
64  2461
65  2490
66  2519
67  2550
68  2591
69  2624
70  2667
71  2692
72  2717
73  2752
74  2787
75  2819
76  2849
77  2881
78  2924
79  2955
80  2981
81  3010
82  3043
83  3064
84  3096
85  3124
86  3144
87  3159
88  3194
89  3219
90  3245
91  3274
92  3291
93  3322
94  3349
95  3379
96  3399
97  3422
98  3453
99  3479
100 3508
101 3536
102 3555
103 3593
104 3609
105 3628
106 3642
107 3661
108 3679
109 3698
110 3717
111 3734
112 3756
113 3776
114 3787
115 3802
116 3820
117 3836
118 3850
119 3879
120 3896
121 3910
122 3923
123 3938
124 3958
125 3974
126 3994
127 4016
128 4040
129 4054
130 4068
131 4084
132 4096
133 4111
134 4123
135 4135
136 4148
137 4163
138 4171
139 4187
140 4200
141 4209
142 4217
143 4232
144 4248
145 4262
146 4277
147 4284
148 4300
149 4316
150 4322
151 4335
152 4341
153 4352
154 4365
155 4364
156 4338
157 4298
158 4270
159 4242
160 4231
161 4243
162 4240
163 4238
164 4251
165 4247
166 4255
167 4263
168 4262
169 4276
170 4278
171 4270
172 4273
173 4272
174 4284
175 4284
176 4312
177 4323
178 4317
179 4328
180 4323
181 4254
182 4116
183 3947
184 3759
185 3587
186 3437
187 3322
188 3203
189 3137
190 3045
191 2943
192 2825
193 2718
194 2652
195 2484
196 2382
197 2252
198 2144
199 2053
200 1996
201 1940
202 2025
203 2125
204 2246
205 2349
206 2432
207 2462
208 2475
209 2497
210 2510
211 2530
212 2544
213 2562
214 2576
215 2603
216 2630
217 2653
218 2676
219 2673
220 2692
221 2716
222 2746
223 2763
224 2785
225 2791
226 2798
227 2800
228 2816
229 2831
230 2852
231 2873
232 2883
233 2894
234 2917
235 2935
236 2957
237 2989
238 3010
239 3035
240 3054
241 3076
242 3094
243 3107
244 3139
245 3150
246 3176
247 3195
248 3214
249 3207
250 3214
251 3230
252 3242
253 3268
254 3287
255 3293
256 3283
257 3314
258 3338
259 3344
260 3383
261 3410
262 3425
263 3454
264 3455
265 3459
266 3477
267 3496
268 3513
269 3543
270 3569
271 3605
272 3606
273 3608
274 3630
275 3646
276 3647
277 3649
278 3662
279 3672
280 3673
281 3684
282 3693
283 3696
284 3719
285 3722
286 3733
287 3763
288 3775
289 3794
290 3790
291 3797
292 3801
293 3805
294 3820
295 3837
296 3843
297 3854
298 3867
299 3865
300 3874
301 3886
302 3900
303 3901
304 3924
305 3928
306 3944
307 3962
308 3966
309 3956
310 3957
311 3967
312 3964
313 3979
314 3986
315 4006
316 4016
317 4024
318 4031
319 4041
320 4040
321 4042
322 4045
323 4051
324 4049
325 4046
326 4047
327 4053
328 4067
329 4078
330 4064
331 4073
332 4065
333 4055
334 4067
335 4088
336 4090
337 4085
338 4087
339 4073
340 4073
341 4065
342 4063
343 4071
344 4070
345 4075
346 4066
347 4060
348 4050
349 4021
350 4024
351 4020
352 4009
353 3998
354 3982
355 3985
356 3988
357 3996
358 4022
359 4040
360 4040
361 4041
362 4030
363 4005
364 4011
365 4019
366 4017
367 4021
368 4039
369 4028
370 4022
371 4006
372 4000
373 4022
374 4020
375 4024
376 4039
377 4032
378 4015
379 4011
380 4004
381 4004
382 3985
383 3977
384 3966
385 3969
386 3957
387 3953
388 3966
389 3946
390 3938
391 3944
392 3953
393 3948
394 3943
395 3939
396 3950
397 3938
398 3950
399 3969
400 3976
401 3990
402 4002
403 4000
404 4004
405 3987
406 4020
407 4008
408 4021
409 4007
410 3987
411 3975
412 3986
413 3987
414 3977
415 3976
416 3962
417 3952
418 3942
419 3940
420 3948
421 3934
422 3961
423 3968
424 3962
425 3942
426 3939
427 3924
428 3918
429 3943
430 3965
431 3979
432 3981
433 3994
434 4000
435 3974
436 3964
437 3945
438 3954
439 3935
440 3925
441 3937
442 3941
443 3954
444 3966
445 3968
446 3972
447 3963
448 3950
449 3963
450 3944
451 3907
452 3895
453 3894
454 3897
455 3898
456 3915
457 3901
458 3906
459 3911
460 3924
461 3930
462 3931
463 3948
464 3938
465 3952
466 3946
467 3936
468 3920
469 3930
470 3938
471 3940
472 3965
473 3944
474 3926
475 3924
476 3926
477 3913
478 3933
479 3916
480 3916
481 3919
482 3921
483 3912
484 3928
485 3924
486 3930
487 3922
488 3894
489 3883
490 3874
491 3883
492 3891
493 3901
494 3905
495 3902
496 3908
497 3917
498 3906
499 3923
500 3920
    Run 8
1   0
2   0
3   0
4   1
5   17
6   50
7   99
8   142
9   181
10  226
11  264
12  303
13  352
14  404
15  444
16  484
17  531
18  585
19  629
20  675
21  728
22  779
23  823
24  869
25  913
26  952
27  994
28  1047
29  1081
30  1130
31  1173
32  1207
33  1255
34  1293
35  1333
36  1371
37  1413
38  1451
39  1488
40  1539
41  1582
42  1634
43  1680
44  1723
45  1768
46  1803
47  1847
48  1892
49  1922
50  1969
51  2011
52  2052
53  2089
54  2113
55  2158
56  2198
57  2232
58  2268
59  2304
60  2335
61  2370
62  2409
63  2433
64  2461
65  2490
66  2519
67  2550
68  2591
69  2624
70  2667
71  2692
72  2717
73  2752
74  2787
75  2819
76  2849
77  2881
78  2924
79  2955
80  2981
81  3010
82  3043
83  3064
84  3096
85  3124
86  3144
87  3159
88  3194
89  3219
90  3245
91  3274
92  3291
93  3322
94  3349
95  3379
96  3399
97  3422
98  3453
99  3479
100 3508
101 3536
102 3555
103 3593
104 3609
105 3628
106 3642
107 3661
108 3679
109 3698
110 3717
111 3734
112 3756
113 3776
114 3787
115 3802
116 3820
117 3836
118 3850
119 3879
120 3896
121 3910
122 3923
123 3938
124 3958
125 3974
126 3994
127 4016
128 4040
129 4054
130 4068
131 4084
132 4096
133 4111
134 4123
135 4135
136 4148
137 4163
138 4171
139 4187
140 4200
141 4209
142 4217
143 4232
144 4248
145 4262
146 4277
147 4284
148 4300
149 4316
150 4322
151 4335
152 4341
153 4352
154 4365
155 4364
156 4338
157 4298
158 4270
159 4242
160 4231
161 4243
162 4240
163 4238
164 4251
165 4247
166 4255
167 4263
168 4262
169 4276
170 4278
171 4270
172 4273
173 4272
174 4284
175 4284
176 4312
177 4323
178 4317
179 4328
180 4323
181 4254
182 4116
183 3947
184 3759
185 3587
186 3437
187 3322
188 3203
189 3137
190 3045
191 3040
192 3126
193 3224
194 3322
195 3430
196 3503
197 3514
198 3517
199 3509
200 3514
201 3511
202 3518
203 3532
204 3534
205 3536
206 3520
207 3520
208 3507
209 3500
210 3510
211 3535
212 3534
213 3541
214 3548
215 3533
216 3525
217 3522
218 3519
219 3545
220 3532
221 3553
222 3567
223 3554
224 3541
225 3521
226 3517
227 3532
228 3536
229 3526
230 3541
231 3566
232 3545
233 3555
234 3565
235 3572
236 3575
237 3585
238 3603
239 3615
240 3631
241 3644
242 3648
243 3653
244 3655
245 3672
246 3674
247 3676
248 3668
249 3664
250 3660
251 3663
252 3683
253 3711
254 3718
255 3714
256 3729
257 3738
258 3737
259 3761
260 3758
261 3749
262 3752
263 3771
264 3765
265 3770
266 3780
267 3792
268 3815
269 3812
270 3815
271 3826
272 3820
273 3824
274 3845
275 3847
276 3860
277 3848
278 3867
279 3863
280 3869
281 3863
282 3862
283 3869
284 3871
285 3903
286 3938
287 3953
288 3958
289 3962
290 3954
291 3945
292 3959
293 3972
294 3951
295 3955
296 3950
297 3950
298 3956
299 3962
300 3953
301 3957
302 3976
303 3965
304 3961
305 3951
306 3972
307 3979
308 3990
309 3998
310 4006
311 4007
312 3992
313 3986
314 3975
315 3990
316 4005
317 3994
318 4004
319 4007
320 4009
321 4015
322 4015
323 4019
324 4032
325 4034
326 4044
327 4068
328 4081
329 4083
330 4095
331 4108
332 4114
333 4110
334 4118
335 4118
336 4123
337 4109
338 4113
339 4092
340 4070
341 4069
342 4051
343 4041
344 4054
345 4052
346 4054
347 4058
348 4081
349 4096
350 4108
351 4102
352 4101
353 4087
354 4115
355 4116
356 4114
357 4142
358 4130
359 4142
360 4129
361 4129
362 4134
363 4136
364 4127
365 4134
366 4137
367 4168
368 4154
369 4153
370 4161
371 4160
372 4142
373 4135
374 4132
375 4122
376 4112
377 4109
378 4089
379 4060
380 4035
381 4029
382 4027
383 4023
384 4033
385 4012
386 4019
387 4035
388 4034
389 4027
390 4028
391 4020
392 4015
393 4034
394 4028
395 4012
396 4014
397 4022
398 4033
399 4030
400 4021
401 4019
402 4017
403 4003
404 4006
405 3997
406 3992
407 3994
408 3988
409 3987
410 3991
411 3998
412 3997
413 4006
414 4009
415 4013
416 3984
417 3985
418 3984
419 3970
420 3958
421 3956
422 3966
423 3957
424 3964
425 3964
426 3949
427 3944
428 3924
429 3932
430 3943
431 3949
432 3936
433 3948
434 3946
435 3930
436 3920
437 3911
438 3912
439 3932
440 3931
441 3932
442 3934
443 3937
444 3935
445 3931
446 3941
447 3924
448 3929
449 3922
450 3920
451 3910
452 3902
453 3897
454 3889
455 3893
456 3881
457 3871
458 3869
459 3858
460 3884
461 3893
462 3887
463 3874
464 3870
465 3861
466 3855
467 3870
468 3887
469 3897
470 3902
471 3883
472 3878
473 3871
474 3894
475 3927
476 3928
477 3917
478 3902
479 3895
480 3881
481 3894
482 3891
483 3887
484 3899
485 3898
486 3905
487 3908
488 3933
489 3937
490 3934
491 3932
492 3918
493 3907
494 3913
495 3904
496 3930
497 3945
498 3939
499 3947
500 3943
    Run 9
1   0
2   0
3   0
4   1
5   17
6   50
7   99
8   142
9   181
10  226
11  264
12  303
13  352
14  404
15  444
16  484
17  531
18  585
19  629
20  675
21  728
22  779
23  823
24  869
25  913
26  952
27  994
28  1047
29  1081
30  1130
31  1173
32  1207
33  1255
34  1293
35  1333
36  1371
37  1413
38  1451
39  1488
40  1539
41  1582
42  1634
43  1680
44  1723
45  1768
46  1803
47  1847
48  1892
49  1922
50  1969
51  2011
52  2052
53  2089
54  2113
55  2158
56  2198
57  2232
58  2268
59  2304
60  2335
61  2370
62  2409
63  2433
64  2461
65  2490
66  2519
67  2550
68  2591
69  2624
70  2667
71  2692
72  2717
73  2752
74  2787
75  2819
76  2849
77  2881
78  2924
79  2955
80  2981
81  3010
82  3043
83  3064
84  3096
85  3124
86  3144
87  3159
88  3194
89  3219
90  3245
91  3274
92  3291
93  3322
94  3349
95  3379
96  3399
97  3422
98  3453
99  3479
100 3508
101 3536
102 3555
103 3593
104 3609
105 3628
106 3642
107 3661
108 3679
109 3698
110 3717
111 3734
112 3756
113 3776
114 3787
115 3802
116 3820
117 3836
118 3850
119 3879
120 3896
121 3910
122 3923
123 3938
124 3958
125 3974
126 3994
127 4016
128 4040
129 4054
130 4068
131 4084
132 4096
133 4111
134 4123
135 4135
136 4148
137 4163
138 4171
139 4187
140 4200
141 4209
142 4217
143 4232
144 4248
145 4262
146 4277
147 4284
148 4300
149 4316
150 4322
151 4335
152 4341
153 4352
154 4365
155 4364
156 4338
157 4298
158 4270
159 4242
160 4231
161 4243
162 4240
163 4238
164 4251
165 4247
166 4255
167 4263
168 4262
169 4276
170 4278
171 4270
172 4273
173 4272
174 4284
175 4284
176 4312
177 4323
178 4317
179 4328
180 4323
181 4254
182 4116
183 3947
184 3759
185 3583
186 3606
187 3666
188 3770
189 3905
190 3978
191 4013
192 4012
193 4019
194 3994
195 3992
196 3997
197 3978
198 3961
199 3960
200 3954
201 3955
202 3970
203 3957
204 3961
205 3958
206 3943
207 3952
208 3935
209 3936
210 3938
211 3926
212 3921
213 3932
214 3928
215 3901
216 3902
217 3901
218 3887
219 3891
220 3879
221 3893
222 3885
223 3879
224 3875
225 3876
226 3875
227 3868
228 3858
229 3848
230 3848
231 3844
232 3848
233 3862
234 3869
235 3875
236 3877
237 3885
238 3857
239 3827
240 3812
241 3806
242 3801
243 3799
244 3799
245 3794
246 3795
247 3809
248 3819
249 3839
250 3859
251 3858
252 3858
253 3835
254 3836
255 3838
256 3839
257 3838
258 3852
259 3845
260 3826
261 3824
262 3804
263 3816
264 3828
265 3845
266 3844
267 3843
268 3830
269 3810
270 3802
271 3807
272 3821
273 3830
274 3828
275 3821
276 3814
277 3793
278 3792
279 3807
280 3798
281 3799
282 3796
283 3805
284 3811
285 3818
286 3838
287 3852
288 3864
289 3878
290 3880
291 3892
292 3887
293 3894
294 3891
295 3890
296 3902
297 3902
298 3903
299 3907
300 3904
301 3909
302 3910
303 3906
304 3896
305 3911
306 3895
307 3889
308 3901
309 3892
310 3899
311 3898
312 3881
313 3886
314 3895
315 3890
316 3900
317 3909
318 3910
319 3915
320 3921
321 3915
322 3910
323 3927
324 3928
325 3929
326 3947
327 3952
328 3938
329 3937
330 3945
331 3959
332 3965
333 3969
334 3970
335 3968
336 3965
337 3957
338 3935
339 3911
340 3910
341 3907
342 3906
343 3932
344 3949
345 3958
346 3961
347 3967
348 3954
349 3954
350 3946
351 3941
352 3941
353 3946
354 3959
355 3979
356 3977
357 3995
358 3993
359 3992
360 3984
361 3979
362 3989
363 3986
364 3998
365 4013
366 4003
367 4000
368 3985
369 3985
370 3987
371 3997
372 3998
373 3979
374 3972
375 3968
376 3967
377 3970
378 3976
379 3993
380 4004
381 4001
382 3990
383 3984
384 3996
385 3995
386 3989
387 3984
388 3995
389 4022
390 4019
391 4034
392 4031
393 4031
394 4019
395 4023
396 4015
397 3992
398 4007
399 3992
400 3977
401 3984
402 3996
403 3993
404 3983
405 3978
406 3993
407 4004
408 4028
409 4031
410 4046
411 4059
412 4060
413 4066
414 4065
415 4047
416 4049
417 4037
418 4013
419 4008
420 3990
421 4010
422 4007
423 3995
424 3993
425 4007
426 4004
427 4007
428 4008
429 4003
430 3995
431 4004
432 4007
433 4018
434 4027
435 4018
436 4036
437 4033
438 4023
439 4024
440 4023
441 4035
442 4040
443 4032
444 4038
445 4052
446 4023
447 4005
448 4013
449 4015
450 4018
451 4030
452 4063
453 4056
454 4040
455 4043
456 4047
457 4033
458 4026
459 4006
460 3997
461 3994
462 3979
463 3997
464 3991
465 3984
466 3984
467 3977
468 3976
469 3960
470 3953
471 3946
472 3963
473 3958
474 3961
475 3976
476 3956
477 3970
478 3979
479 3965
480 3980
481 3993
482 3986
483 3983
484 3979
485 3955
486 3965
487 3958
488 3951
489 3952
490 3938
491 3943
492 3967
493 3972
494 3956
495 3945
496 3932
497 3923
498 3934
499 3926
500 3938
