    Run 0
1   0
2   0
3   0
4   0
5   0
6   53
7   103
8   133
9   174
10  224
11  269
12  310
13  352
14  411
15  448
16  486
17  534
18  597
19  638
20  684
21  737
22  786
23  831
24  876
25  919
26  962
27  1005
28  1052
29  1096
30  1149
31  1190
32  1227
33  1265
34  1308
35  1350
36  1383
37  1432
38  1467
39  1514
40  1558
41  1604
42  1663
43  1701
44  1755
45  1790
46  1840
47  1871
48  1913
49  1959
50  1999
51  2040
52  2075
53  2122
54  2157
55  2184
56  2226
57  2268
58  2304
59  2339
60  2386
61  2411
62  2445
63  2480
64  2512
65  2536
66  2571
67  2607
68  2637
69  2684
70  2724
71  2761
72  2787
73  2817
74  2852
75  2897
76  2928
77  2963
78  3001
79  3033
80  3066
81  3094
82  3128
83  3153
84  3178
85  3206
86  3235
87  3260
88  3284
89  3312
90  3346
91  3368
92  3393
93  3419
94  3442
95  3474
96  3509
97  3530
98  3556
99  3584
100 3619
101 3639
102 3665
103 3700
104 3721
105 3738
106 3758
107 3773
108 3792
109 3815
110 3835
111 3853
112 3879
113 3897
114 3910
115 3925
116 3940
117 3957
118 3976
119 3991
120 4011
121 4026
122 4041
123 4059
124 4077
125 4093
126 4110
127 4135
128 4148
129 4167
130 4179
131 4195
132 4216
133 4229
134 4244
135 4260
136 4272
137 4278
138 4290
139 4307
140 4317
141 4336
142 4346
143 4352
144 4373
145 4378
146 4389
147 4398
148 4409
149 4418
150 4428
151 4440
152 4451
153 4462
154 4473
155 4485
156 4436
157 4395
158 4380
159 4352
160 4317
161 4336
162 4354
163 4354
164 4340
165 4358
166 4373
167 4375
168 4359
169 4388
170 4383
171 4373
172 4376
173 4400
174 4403
175 4410
176 4423
177 4437
178 4445
179 4450
180 4443
181 4450
182 4461
183 4477
184 4482
185 4500
186 4513
187 4505
188 4513
189 4517
190 4520
191 4517
192 4512
193 4512
194 4506
195 4518
196 4516
197 4550
198 4547
199 4557
200 4557
201 4572
202 4574
203 4575
204 4588
205 4603
206 4603
207 4601
208 4614
209 4618
210 4601
211 4622
212 4636
213 4643
214 4650
215 4674
216 4666
217 4668
218 4674
219 4668
220 4654
221 4653
222 4665
223 4672
224 4686
225 4684
226 4693
227 4685
228 4680
229 4683
230 4698
231 4703
232 4706
233 4721
234 4731
235 4737
236 4741
237 4753
238 4755
239 4753
240 4747
241 4759
242 4762
243 4761
244 4768
245 4771
246 4759
247 4765
248 4765
249 4761
250 4760
251 4779
252 4774
253 4768
254 4777
255 4795
256 4796
257 4808
258 4825
259 4825
260 4822
261 4824
262 4814
263 4816
264 4829
265 4836
266 4840
267 4852
268 4851
269 4851
270 4846
271 4849
272 4852
273 4855
274 4852
275 4857
276 4855
277 4847
278 4854
279 4854
280 4858
281 4860
282 4866
283 4868
284 4874
285 4871
286 4877
287 4894
288 4895
289 4894
290 4900
291 4894
292 4890
293 4896
294 4893
295 4898
296 4906
297 4907
298 4903
299 4917
300 4913
301 4913
302 4912
303 4912
304 4912
305 4910
306 4919
307 4921
308 4918
309 4917
310 4914
311 4854
312 4804
313 4778
314 4747
315 4709
316 4722
317 4732
318 4727
319 4704
320 4718
321 4729
322 4729
323 4707
324 4730
325 4721
326 4708
327 4703
328 4719
329 4718
330 4722
331 4731
332 4740
333 4741
334 4742
335 4728
336 4730
337 4737
338 4748
339 4745
340 4759
341 4762
342 4749
343 4754
344 4757
345 4757
346 4752
347 4742
348 4741
349 4733
350 4740
351 4732
352 4760
353 4751
354 4759
355 4757
356 4771
357 4768
358 4767
359 4776
360 4789
361 4785
362 4777
363 4785
364 4785
365 4767
366 4786
367 4796
368 4802
369 4802
370 4824
371 4816
372 4816
373 4816
374 4808
375 4791
376 4788
377 4799
378 4803
379 4817
380 4812
381 4819
382 4809
383 4802
384 4802
385 4816
386 4816
387 4816
388 4830
389 4839
390 4845
391 4844
392 4853
393 4855
394 4851
395 4844
396 4856
397 4857
398 4856
399 4862
400 4863
401 4847
402 4853
403 4850
404 4844
405 4843
406 4861
407 4855
408 4848
409 4855
410 4873
411 4874
412 4885
413 4902
414 4899
415 4894
416 4895
417 4882
418 4884
419 4895
420 4902
421 4903
422 4914
423 4911
424 4911
425 4905
426 4908
427 4909
428 4910
429 4906
430 4912
431 4909
432 4899
433 4904
434 4902
435 4905
436 4905
437 4909
438 4911
439 4916
440 4913
441 4918
442 4935
443 4936
444 4934
445 4940
446 4934
447 4930
448 4935
449 4930
450 4934
451 4941
452 4941
453 4937
454 4949
455 4945
456 4944
457 4943
458 4942
459 4941
460 4939
461 4948
462 4950
463 4946
464 4944
465 4939
466 4877
467 4826
468 4800
469 4767
470 4729
471 4741
472 4749
473 4744
474 4720
475 4734
476 4745
477 4745
478 4721
479 4744
480 4735
481 4721
482 4716
483 4732
484 4731
485 4735
486 4744
487 4753
488 4754
489 4755
490 4740
491 4742
492 4749
493 4760
494 4757
495 4771
496 4774
497 4760
498 4765
499 4768
500 4768
    Run 1
1   0
2   0
3   0
4   1
5   17
6   50
7   99
8   142
9   181
10  225
11  273
12  312
13  348
14  400
15  449
16  497
17  544
18  587
19  640
20  678
21  737
22  776
23  831
24  870
25  913
26  961
27  1006
28  1047
29  1090
30  1141
31  1187
32  1213
33  1256
34  1296
35  1348
36  1388
37  1435
38  1473
39  1510
40  1556
41  1606
42  1653
43  1701
44  1750
45  1790
46  1831
47  1871
48  1918
49  1958
50  2005
51  2046
52  2093
53  2131
54  2159
55  2202
56  2232
57  2270
58  2309
59  2349
60  2378
61  2411
62  2454
63  2484
64  2511
65  2542
66  2573
67  2607
68  2645
69  2684
70  2723
71  2751
72  2782
73  2812
74  2840
75  2882
76  2925
77  2957
78  2991
79  3016
80  3048
81  3078
82  3113
83  3129
84  3158
85  3190
86  3220
87  3244
88  3265
89  3287
90  3319
91  3349
92  3374
93  3400
94  3424
95  3457
96  3481
97  3499
98  3531
99  3556
100 3583
101 3615
102 3640
103 3668
104 3689
105 3704
106 3723
107 3739
108 3756
109 3774
110 3800
111 3823
112 3842
113 3856
114 3872
115 3890
116 3911
117 3921
118 3940
119 3956
120 3982
121 4003
122 4016
123 4030
124 4051
125 4070
126 4091
127 4108
128 4123
129 4138
130 4158
131 4172
132 4189
133 4211
134 4224
135 4239
136 4246
137 4258
138 4267
139 4283
140 4293
141 4309
142 4323
143 4339
144 4349
145 4355
146 4364
147 4374
148 4388
149 4396
150 4409
151 4420
152 4429
153 4442
154 4450
155 4440
156 4413
157 4376
158 4348
159 4324
160 4307
161 4313
162 4314
163 4326
164 4329
165 4334
166 4341
167 4337
168 4343
169 4345
170 4361
171 4356
172 4370
173 4372
174 4390
175 4395
176 4400
177 4409
178 4426
179 4433
180 4425
181 4425
182 4451
183 4464
184 4478
185 4479
186 4487
187 4476
188 4470
189 4489
190 4496
191 4495
192 4499
193 4495
194 4488
195 4493
196 4502
197 4518
198 4524
199 4537
200 4536
201 4534
202 4542
203 4548
204 4565
205 4560
206 4588
207 4590
208 4597
209 4601
210 4615
211 4620
212 4626
213 4629
214 4646
215 4649
216 4655
217 4659
218 4657
219 4652
220 4646
221 4656
222 4667
223 4676
224 4686
225 4680
226 4672
227 4675
228 4671
229 4680
230 4686
231 4705
232 4703
233 4723
234 4729
235 4729
236 4735
237 4744
238 4746
239 4747
240 4750
241 4746
242 4750
243 4751
244 4755
245 4752
246 4756
247 4770
248 4757
249 4766
250 4774
251 4764
252 4766
253 4765
254 4766
255 4776
256 4794
257 4809
258 4808
259 4811
260 4811
261 4806
262 4803
263 4806
264 4817
265 4822
266 4823
267 4830
268 4836
269 4833
270 4824
271 4820
272 4827
273 4828
274 4834
275 4830
276 4829
277 4834
278 4835
279 4841
280 4835
281 4851
282 4847
283 4838
284 4857
285 4856
286 4865
287 4874
288 4878
289 4879
290 4883
291 4880
292 4879
293 4873
294 4876
295 4888
296 4896
297 4905
298 4898
299 4905
300 4898
301 4895
302 4902
303 4897
304 4897
305 4903
306 4908
307 4907
308 4903
309 4895
310 4876
311 4833
312 4805
313 4769
314 4731
315 4715
316 4712
317 4715
318 4720
319 4716
320 4706
321 4708
322 4701
323 4688
324 4691
325 4700
326 4699
327 4700
328 4696
329 4694
330 4709
331 4720
332 4719
333 4718
334 4711
335 4709
336 4715
337 4725
338 4748
339 4749
340 4740
341 4742
342 4723
343 4717
344 4723
345 4729
346 4731
347 4726
348 4715
349 4705
350 4710
351 4712
352 4706
353 4737
354 4745
355 4738
356 4734
357 4745
358 4739
359 4743
360 4745
361 4764
362 4760
363 4763
364 4767
365 4778
366 4777
367 4781
368 4800
369 4802
370 4805
371 4803
372 4799
373 4792
374 4784
375 4789
376 4798
377 4799
378 4810
379 4816
380 4810
381 4800
382 4798
383 4789
384 4800
385 4798
386 4799
387 4812
388 4826
389 4836
390 4829
391 4841
392 4841
393 4837
394 4840
395 4832
396 4840
397 4837
398 4848
399 4840
400 4831
401 4842
402 4845
403 4845
404 4846
405 4851
406 4850
407 4848
408 4852
409 4859
410 4858
411 4866
412 4877
413 4888
414 4883
415 4885
416 4880
417 4881
418 4869
419 4877
420 4900
421 4901
422 4891
423 4899
424 4886
425 4890
426 4886
427 4882
428 4890
429 4880
430 4884
431 4878
432 4890
433 4901
434 4885
435 4889
436 4892
437 4885
438 4888
439 4893
440 4899
441 4906
442 4907
443 4913
444 4918
445 4915
446 4915
447 4908
448 4913
449 4907
450 4921
451 4928
452 4923
453 4930
454 4933
455 4925
456 4927
457 4933
458 4930
459 4932
460 4935
461 4934
462 4934
463 4936
464 4925
465 4888
466 4853
467 4818
468 4782
469 4755
470 4748
471 4737
472 4742
473 4745
474 4736
475 4731
476 4723
477 4720
478 4705
479 4716
480 4718
481 4714
482 4715
483 4722
484 4722
485 4723
486 4728
487 4732
488 4731
489 4723
490 4726
491 4734
492 4754
493 4774
494 4770
495 4770
496 4759
497 4744
498 4747
499 4752
500 4753
    Run 2
1   0
2   0
3   0
4   2
5   9
6   32
7   66
8   103
9   129
10  167
11  188
12  225
13  254
14  291
15  329
16  358
17  392
18  433
19  473
20  499
21  541
22  584
23  620
24  654
25  687
26  718
27  760
28  798
29  833
30  864
31  896
32  920
33  961
34  988
35  1019
36  1055
37  1088
38  1113
39  1152
40  1187
41  1223
42  1272
43  1314
44  1353
45  1390
46  1426
47  1459
48  1486
49  1520
50  1552
51  1582
52  1617
53  1648
54  1687
55  1714
56  1746
57  1790
58  1822
59  1851
60  1891
61  1918
62  1942
63  1971
64  1990
65  2005
66  2028
67  2061
68  2082
69  2114
70  2144
71  2167
72  2189
73  2218
74  2244
75  2270
76  2306
77  2336
78  2373
79  2400
80  2424
81  2449
82  2478
83  2496
84  2525
85  2554
86  2571
87  2605
88  2631
89  2668
90  2681
91  2701
92  2722
93  2743
94  2776
95  2804
96  2834
97  2863
98  2895
99  2925
100 2959
101 2973
102 2995
103 3022
104 3048
105 3070
106 3095
107 3119
108 3136
109 3161
110 3186
111 3208
112 3230
113 3249
114 3272
115 3284
116 3305
117 3320
118 3342
119 3361
120 3381
121 3398
122 3416
123 3444
124 3461
125 3485
126 3504
127 3528
128 3548
129 3566
130 3577
131 3594
132 3612
133 3629
134 3640
135 3660
136 3675
137 3691
138 3704
139 3724
140 3742
141 3759
142 3777
143 3797
144 3815
145 3835
146 3845
147 3859
148 3877
149 3892
150 3906
151 3916
152 3929
153 3945
154 3956
155 3960
156 3947
157 3930
158 3903
159 3890
160 3874
161 3886
162 3883
163 3890
164 3898
165 3901
166 3909
167 3917
168 3906
169 3906
170 3920
171 3919
172 3901
173 3904
174 3901
175 3902
176 3909
177 3914
178 3926
179 3929
180 3931
181 3941
182 3959
183 3955
184 3963
185 3968
186 3966
187 3955
188 3964
189 3962
190 3966
191 3965
192 3943
193 3951
194 3943
195 3948
196 3955
197 3957
198 3972
199 3970
200 3974
201 3997
202 3999
203 4003
204 3998
205 4010
206 4009
207 4002
208 4002
209 4010
210 4005
211 4024
212 4043
213 4054
214 4068
215 4083
216 4099
217 4091
218 4100
219 4098
220 4088
221 4094
222 4103
223 4107
224 4111
225 4119
226 4108
227 4105
228 4092
229 4092
230 4104
231 4107
232 4109
233 4123
234 4124
235 4119
236 4140
237 4128
238 4134
239 4122
240 4143
241 4148
242 4157
243 4175
244 4167
245 4169
246 4161
247 4157
248 4145
249 4155
250 4159
251 4173
252 4187
253 4191
254 4202
255 4214
256 4215
257 4215
258 4228
259 4229
260 4238
261 4248
262 4249
263 4258
264 4258
265 4271
266 4277
267 4295
268 4293
269 4299
270 4296
271 4302
272 4306
273 4290
274 4295
275 4290
276 4286
277 4291
278 4302
279 4300
280 4320
281 4330
282 4343
283 4345
284 4356
285 4350
286 4364
287 4363
288 4368
289 4362
290 4363
291 4367
292 4369
293 4367
294 4365
295 4370
296 4374
297 4388
298 4389
299 4400
300 4409
301 4415
302 4422
303 4427
304 4427
305 4427
306 4434
307 4438
308 4441
309 4453
310 4451
311 4432
312 4416
313 4393
314 4368
315 4354
316 4349
317 4333
318 4341
319 4331
320 4337
321 4333
322 4339
323 4342
324 4346
325 4346
326 4343
327 4334
328 4323
329 4316
330 4321
331 4307
332 4306
333 4303
334 4321
335 4334
336 4330
337 4349
338 4350
339 4351
340 4343
341 4333
342 4332
343 4322
344 4327
345 4316
346 4305
347 4306
348 4292
349 4300
350 4292
351 4271
352 4267
353 4271
354 4266
355 4266
356 4269
357 4258
358 4269
359 4270
360 4278
361 4266
362 4253
363 4251
364 4242
365 4242
366 4251
367 4270
368 4275
369 4287
370 4299
371 4302
372 4300
373 4295
374 4292
375 4284
376 4281
377 4286
378 4287
379 4292
380 4285
381 4279
382 4279
383 4267
384 4275
385 4280
386 4275
387 4276
388 4268
389 4269
390 4267
391 4275
392 4269
393 4262
394 4261
395 4256
396 4266
397 4276
398 4287
399 4276
400 4262
401 4262
402 4251
403 4246
404 4237
405 4233
406 4249
407 4254
408 4264
409 4276
410 4273
411 4276
412 4274
413 4275
414 4287
415 4291
416 4296
417 4295
418 4295
419 4300
420 4311
421 4312
422 4328
423 4341
424 4346
425 4346
426 4350
427 4345
428 4341
429 4352
430 4344
431 4343
432 4334
433 4335
434 4332
435 4346
436 4349
437 4361
438 4369
439 4379
440 4382
441 4386
442 4386
443 4383
444 4392
445 4388
446 4393
447 4382
448 4384
449 4372
450 4368
451 4374
452 4378
453 4376
454 4387
455 4409
456 4412
457 4417
458 4426
459 4419
460 4418
461 4427
462 4426
463 4436
464 4440
465 4438
466 4422
467 4413
468 4391
469 4384
470 4363
471 4357
472 4345
473 4339
474 4330
475 4325
476 4332
477 4330
478 4323
479 4327
480 4326
481 4329
482 4321
483 4318
484 4299
485 4283
486 4285
487 4279
488 4276
489 4284
490 4298
491 4303
492 4314
493 4302
494 4296
495 4298
496 4297
497 4299
498 4295
499 4283
500 4295
    Run 3
1   0
2   0
3   0
4   1
5   2
6   21
7   37
8   64
9   91
10  105
11  127
12  153
13  183
14  201
15  226
16  252
17  277
18  308
19  333
20  363
21  385
22  413
23  441
24  458
25  488
26  514
27  541
28  567
29  599
30  627
31  653
32  675
33  698
34  716
35  741
36  766
37  785
38  807
39  828
40  848
41  872
42  904
43  933
44  959
45  987
46  1005
47  1030
48  1058
49  1094
50  1125
51  1143
52  1166
53  1194
54  1214
55  1234
56  1262
57  1282
58  1308
59  1334
60  1358
61  1375
62  1393
63  1411
64  1437
65  1461
66  1486
67  1508
68  1525
69  1551
70  1566
71  1587
72  1608
73  1634
74  1653
75  1675
76  1698
77  1724
78  1746
79  1776
80  1792
81  1808
82  1832
83  1856
84  1875
85  1891
86  1912
87  1940
88  1976
89  1999
90  2017
91  2029
92  2045
93  2064
94  2083
95  2105
96  2123
97  2154
98  2171
99  2190
100 2215
101 2235
102 2260
103 2278
104 2299
105 2323
106 2343
107 2355
108 2372
109 2393
110 2419
111 2441
112 2466
113 2482
114 2503
115 2526
116 2547
117 2569
118 2590
119 2614
120 2632
121 2654
122 2668
123 2683
124 2703
125 2729
126 2745
127 2770
128 2794
129 2806
130 2828
131 2842
132 2863
133 2878
134 2893
135 2910
136 2924
137 2944
138 2959
139 2981
140 2995
141 3013
142 3036
143 3048
144 3058
145 3075
146 3085
147 3096
148 3110
149 3121
150 3131
151 3134
152 3154
153 3165
154 3182
155 3195
156 3186
157 3185
158 3187
159 3175
160 3175
161 3169
162 3167
163 3159
164 3175
165 3174
166 3176
167 3176
168 3167
169 3170
170 3167
171 3171
172 3170
173 3166
174 3173
175 3170
176 3170
177 3173
178 3186
179 3181
180 3180
181 3180
182 3180
183 3193
184 3208
185 3205
186 3203
187 3207
188 3210
189 3205
190 3207
191 3203
192 3196
193 3189
194 3188
195 3188
196 3191
197 3202
198 3200
199 3194
200 3189
201 3194
202 3202
203 3206
204 3217
205 3228
206 3226
207 3231
208 3227
209 3231
210 3235
211 3240
212 3251
213 3262
214 3260
215 3273
216 3271
217 3271
218 3273
219 3276
220 3281
221 3289
222 3297
223 3304
224 3306
225 3305
226 3303
227 3299
228 3307
229 3305
230 3316
231 3319
232 3323
233 3332
234 3337
235 3342
236 3349
237 3347
238 3338
239 3337
240 3339
241 3343
242 3353
243 3364
244 3373
245 3375
246 3375
247 3362
248 3363
249 3369
250 3367
251 3378
252 3382
253 3388
254 3397
255 3399
256 3406
257 3417
258 3416
259 3421
260 3418
261 3415
262 3407
263 3415
264 3421
265 3414
266 3418
267 3420
268 3422
269 3423
270 3428
271 3435
272 3444
273 3452
274 3459
275 3456
276 3458
277 3457
278 3446
279 3468
280 3461
281 3475
282 3480
283 3486
284 3489
285 3492
286 3495
287 3498
288 3500
289 3506
290 3512
291 3516
292 3505
293 3518
294 3525
295 3530
296 3541
297 3553
298 3559
299 3561
300 3573
301 3587
302 3592
303 3592
304 3589
305 3592
306 3602
307 3601
308 3589
309 3590
310 3590
311 3592
312 3589
313 3596
314 3582
315 3575
316 3563
317 3555
318 3558
319 3568
320 3577
321 3574
322 3576
323 3576
324 3578
325 3576
326 3580
327 3575
328 3560
329 3560
330 3565
331 3563
332 3564
333 3561
334 3555
335 3561
336 3565
337 3561
338 3569
339 3573
340 3571
341 3580
342 3576
343 3574
344 3581
345 3583
346 3587
347 3574
348 3571
349 3556
350 3560
351 3570
352 3565
353 3558
354 3554
355 3553
356 3552
357 3561
358 3566
359 3567
360 3563
361 3558
362 3550
363 3545
364 3547
365 3532
366 3535
367 3537
368 3544
369 3538
370 3543
371 3542
372 3535
373 3531
374 3538
375 3550
376 3557
377 3559
378 3548
379 3550
380 3556
381 3559
382 3555
383 3551
384 3550
385 3548
386 3546
387 3548
388 3541
389 3544
390 3548
391 3559
392 3551
393 3540
394 3540
395 3539
396 3547
397 3555
398 3574
399 3571
400 3560
401 3564
402 3552
403 3541
404 3536
405 3540
406 3529
407 3535
408 3545
409 3539
410 3536
411 3544
412 3548
413 3545
414 3539
415 3552
416 3548
417 3544
418 3550
419 3547
420 3540
421 3540
422 3539
423 3543
424 3544
425 3545
426 3549
427 3548
428 3557
429 3555
430 3559
431 3553
432 3555
433 3551
434 3557
435 3566
436 3578
437 3574
438 3580
439 3582
440 3585
441 3590
442 3605
443 3600
444 3602
445 3604
446 3610
447 3611
448 3609
449 3609
450 3606
451 3614
452 3612
453 3624
454 3629
455 3639
456 3653
457 3662
458 3663
459 3662
460 3666
461 3667
462 3663
463 3651
464 3647
465 3655
466 3664
467 3666
468 3670
469 3649
470 3632
471 3628
472 3617
473 3617
474 3615
475 3615
476 3615
477 3622
478 3620
479 3625
480 3613
481 3609
482 3614
483 3609
484 3603
485 3603
486 3605
487 3611
488 3603
489 3613
490 3621
491 3616
492 3621
493 3629
494 3621
495 3617
496 3618
497 3618
498 3620
499 3629
500 3619
    Run 4
1   0
2   0
3   0
4   1
5   2
6   10
7   28
8   52
9   71
10  86
11  102
12  119
13  148
14  168
15  189
16  207
17  230
18  245
19  265
20  285
21  306
22  327
23  347
24  362
25  388
26  406
27  424
28  453
29  474
30  494
31  510
32  527
33  544
34  559
35  581
36  599
37  620
38  644
39  666
40  678
41  703
42  729
43  745
44  765
45  784
46  806
47  833
48  844
49  857
50  876
51  906
52  921
53  940
54  957
55  975
56  999
57  1020
58  1035
59  1053
60  1070
61  1090
62  1098
63  1115
64  1125
65  1138
66  1158
67  1173
68  1195
69  1206
70  1224
71  1240
72  1260
73  1283
74  1302
75  1320
76  1341
77  1359
78  1379
79  1394
80  1417
81  1430
82  1446
83  1463
84  1473
85  1486
86  1508
87  1521
88  1532
89  1559
90  1585
91  1603
92  1618
93  1633
94  1645
95  1669
96  1684
97  1697
98  1720
99  1735
100 1754
101 1772
102 1786
103 1808
104 1832
105 1850
106 1875
107 1885
108 1899
109 1921
110 1934
111 1953
112 1966
113 1983
114 1996
115 2008
116 2021
117 2035
118 2050
119 2063
120 2078
121 2092
122 2107
123 2130
124 2148
125 2163
126 2190
127 2208
128 2221
129 2240
130 2257
131 2269
132 2286
133 2298
134 2315
135 2335
136 2343
137 2355
138 2375
139 2388
140 2409
141 2417
142 2433
143 2447
144 2462
145 2475
146 2485
147 2500
148 2512
149 2521
150 2528
151 2541
152 2548
153 2563
154 2575
155 2589
156 2590
157 2585
158 2578
159 2567
160 2566
161 2566
162 2568
163 2555
164 2553
165 2551
166 2553
167 2557
168 2567
169 2568
170 2573
171 2575
172 2578
173 2577
174 2575
175 2567
176 2567
177 2567
178 2570
179 2574
180 2576
181 2577
182 2584
183 2583
184 2599
185 2594
186 2595
187 2594
188 2585
189 2579
190 2598
191 2602
192 2590
193 2593
194 2597
195 2600
196 2603
197 2596
198 2612
199 2615
200 2620
201 2613
202 2620
203 2624
204 2625
205 2625
206 2616
207 2619
208 2631
209 2634
210 2637
211 2643
212 2653
213 2664
214 2680
215 2687
216 2687
217 2693
218 2691
219 2701
220 2701
221 2701
222 2694
223 2698
224 2704
225 2714
226 2710
227 2704
228 2708
229 2711
230 2711
231 2719
232 2728
233 2727
234 2740
235 2739
236 2739
237 2749
238 2755
239 2744
240 2739
241 2742
242 2740
243 2746
244 2756
245 2754
246 2762
247 2773
248 2758
249 2764
250 2763
251 2763
252 2770
253 2764
254 2756
255 2755
256 2744
257 2759
258 2762
259 2767
260 2768
261 2777
262 2788
263 2790
264 2798
265 2806
266 2810
267 2815
268 2821
269 2825
270 2825
271 2832
272 2840
273 2839
274 2833
275 2836
276 2824
277 2825
278 2836
279 2833
280 2837
281 2839
282 2837
283 2848
284 2849
285 2841
286 2849
287 2854
288 2862
289 2865
290 2856
291 2866
292 2870
293 2872
294 2866
295 2871
296 2876
297 2880
298 2882
299 2892
300 2903
301 2912
302 2921
303 2918
304 2919
305 2920
306 2932
307 2943
308 2944
309 2957
310 2956
311 2959
312 2959
313 2962
314 2963
315 2965
316 2972
317 2967
318 2960
319 2960
320 2956
321 2952
322 2946
323 2936
324 2952
325 2956
326 2956
327 2965
328 2949
329 2944
330 2940
331 2941
332 2936
333 2949
334 2939
335 2945
336 2944
337 2942
338 2952
339 2952
340 2941
341 2930
342 2934
343 2932
344 2929
345 2929
346 2914
347 2918
348 2913
349 2913
350 2902
351 2896
352 2903
353 2905
354 2905
355 2904
356 2901
357 2899
358 2889
359 2888
360 2897
361 2894
362 2904
363 2892
364 2893
365 2888
366 2888
367 2891
368 2886
369 2889
370 2888
371 2893
372 2895
373 2884
374 2879
375 2869
376 2875
377 2883
378 2882
379 2884
380 2883
381 2877
382 2871
383 2871
384 2868
385 2889
386 2884
387 2889
388 2889
389 2886
390 2884
391 2885
392 2892
393 2890
394 2884
395 2881
396 2877
397 2868
398 2874
399 2871
400 2872
401 2877
402 2879
403 2883
404 2887
405 2890
406 2891
407 2890
408 2887
409 2881
410 2893
411 2884
412 2888
413 2898
414 2896
415 2890
416 2897
417 2898
418 2903
419 2903
420 2913
421 2911
422 2911
423 2903
424 2909
425 2911
426 2919
427 2919
428 2914
429 2919
430 2916
431 2914
432 2915
433 2911
434 2916
435 2930
436 2928
437 2927
438 2917
439 2912
440 2917
441 2914
442 2914
443 2925
444 2936
445 2936
446 2949
447 2944
448 2948
449 2946
450 2945
451 2937
452 2939
453 2941
454 2944
455 2948
456 2947
457 2942
458 2944
459 2940
460 2941
461 2941
462 2949
463 2952
464 2956
465 2960
466 2943
467 2940
468 2942
469 2946
470 2939
471 2937
472 2935
473 2950
474 2949
475 2944
476 2953
477 2946
478 2945
479 2943
480 2945
481 2952
482 2949
483 2936
484 2938
485 2937
486 2941
487 2945
488 2944
489 2949
490 2947
491 2955
492 2957
493 2957
494 2960
495 2956
496 2965
497 2961
498 2969
499 2974
500 2974
    Run 5
1   0
2   0
3   0
4   0
5   2
6   8
7   25
8   43
9   60
10  77
11  93
12  109
13  124
14  137
15  149
16  172
17  188
18  206
19  228
20  242
21  263
22  283
23  303
24  314
25  336
26  349
27  366
28  378
29  400
30  410
31  435
32  449
33  470
34  483
35  496
36  512
37  536
38  550
39  565
40  579
41  594
42  617
43  643
44  663
45  679
46  694
47  708
48  717
49  734
50  749
51  770
52  792
53  814
54  826
55  845
56  863
57  881
58  896
59  913
60  930
61  948
62  975
63  983
64  1002
65  1018
66  1033
67  1050
68  1063
69  1083
70  1103
71  1117
72  1139
73  1149
74  1171
75  1189
76  1210
77  1227
78  1240
79  1257
80  1273
81  1289
82  1301
83  1314
84  1331
85  1347
86  1359
87  1377
88  1397
89  1417
90  1432
91  1444
92  1458
93  1468
94  1485
95  1497
96  1513
97  1527
98  1541
99  1562
100 1581
101 1600
102 1617
103 1635
104 1646
105 1661
106 1675
107 1692
108 1703
109 1728
110 1742
111 1755
112 1772
113 1787
114 1801
115 1817
116 1841
117 1861
118 1878
119 1896
120 1906
121 1923
122 1942
123 1957
124 1979
125 1993
126 2003
127 2014
128 2034
129 2044
130 2054
131 2067
132 2087
133 2099
134 2109
135 2126
136 2141
137 2163
138 2178
139 2193
140 2208
141 2224
142 2240
143 2261
144 2269
145 2280
146 2291
147 2302
148 2311
149 2334
150 2347
151 2357
152 2368
153 2380
154 2398
155 2406
156 2417
157 2415
158 2404
159 2407
160 2401
161 2399
162 2394
163 2397
164 2405
165 2412
166 2408
167 2405
168 2404
169 2397
170 2401
171 2397
172 2391
173 2384
174 2387
175 2378
176 2385
177 2389
178 2398
179 2394
180 2402
181 2393
182 2392
183 2385
184 2391
185 2396
186 2405
187 2400
188 2418
189 2417
190 2428
191 2429
192 2436
193 2424
194 2426
195 2429
196 2434
197 2445
198 2453
199 2463
200 2466
201 2457
202 2452
203 2448
204 2451
205 2449
206 2444
207 2445
208 2453
209 2457
210 2462
211 2458
212 2446
213 2460
214 2463
215 2463
216 2474
217 2476
218 2484
219 2476
220 2473
221 2470
222 2468
223 2479
224 2471
225 2470
226 2472
227 2473
228 2480
229 2482
230 2491
231 2492
232 2497
233 2498
234 2498
235 2495
236 2503
237 2508
238 2502
239 2497
240 2502
241 2516
242 2513
243 2525
244 2527
245 2532
246 2529
247 2536
248 2541
249 2533
250 2529
251 2535
252 2534
253 2536
254 2539
255 2550
256 2558
257 2556
258 2564
259 2553
260 2555
261 2568
262 2570
263 2576
264 2580
265 2581
266 2575
267 2570
268 2565
269 2562
270 2570
271 2576
272 2571
273 2585
274 2582
275 2587
276 2603
277 2610
278 2605
279 2610
280 2616
281 2625
282 2620
283 2622
284 2635
285 2636
286 2644
287 2639
288 2641
289 2645
290 2646
291 2647
292 2651
293 2642
294 2654
295 2666
296 2676
297 2687
298 2695
299 2685
300 2687
301 2689
302 2698
303 2708
304 2701
305 2704
306 2710
307 2705
308 2717
309 2712
310 2716
311 2717
312 2724
313 2720
314 2715
315 2713
316 2706
317 2712
318 2710
319 2723
320 2724
321 2723
322 2731
323 2729
324 2740
325 2746
326 2740
327 2734
328 2737
329 2737
330 2730
331 2731
332 2741
333 2743
334 2745
335 2748
336 2745
337 2738
338 2722
339 2725
340 2718
341 2720
342 2702
343 2711
344 2716
345 2715
346 2712
347 2710
348 2705
349 2699
350 2701
351 2712
352 2716
353 2721
354 2726
355 2725
356 2734
357 2738
358 2727
359 2727
360 2715
361 2715
362 2725
363 2727
364 2719
365 2721
366 2711
367 2706
368 2700
369 2714
370 2713
371 2723
372 2725
373 2727
374 2731
375 2735
376 2728
377 2731
378 2733
379 2725
380 2722
381 2728
382 2730
383 2738
384 2737
385 2742
386 2738
387 2733
388 2733
389 2737
390 2733
391 2730
392 2740
393 2735
394 2734
395 2730
396 2737
397 2738
398 2735
399 2741
400 2739
401 2725
402 2724
403 2725
404 2722
405 2716
406 2716
407 2724
408 2727
409 2728
410 2726
411 2717
412 2714
413 2710
414 2713
415 2717
416 2717
417 2720
418 2725
419 2732
420 2735
421 2725
422 2732
423 2717
424 2725
425 2726
426 2722
427 2722
428 2718
429 2721
430 2727
431 2724
432 2726
433 2728
434 2726
435 2728
436 2735
437 2733
438 2740
439 2734
440 2736
441 2728
442 2729
443 2731
444 2721
445 2709
446 2710
447 2710
448 2722
449 2728
450 2734
451 2744
452 2744
453 2743
454 2758
455 2762
456 2747
457 2752
458 2745
459 2747
460 2750
461 2755
462 2751
463 2759
464 2760
465 2763
466 2763
467 2766
468 2770
469 2764
470 2759
471 2752
472 2742
473 2754
474 2741
475 2742
476 2750
477 2751
478 2740
479 2745
480 2752
481 2747
482 2753
483 2760
484 2762
485 2757
486 2753
487 2761
488 2751
489 2751
490 2754
491 2752
492 2760
493 2763
494 2751
495 2756
496 2759
497 2758
498 2763
499 2761
500 2761
    Run 6
1   0
2   0
3   0
4   0
5   2
6   6
7   12
8   27
9   39
10  51
11  61
12  75
13  88
14  104
15  110
16  128
17  146
18  157
19  170
20  185
21  199
22  212
23  225
24  238
25  248
26  265
27  285
28  300
29  318
30  337
31  354
32  361
33  373
34  392
35  408
36  418
37  430
38  450
39  459
40  466
41  481
42  496
43  521
44  538
45  553
46  565
47  582
48  599
49  614
50  629
51  646
52  660
53  676
54  685
55  696
56  703
57  719
58  730
59  746
60  757
61  770
62  778
63  793
64  804
65  813
66  820
67  838
68  849
69  861
70  873
71  885
72  899
73  913
74  923
75  936
76  947
77  967
78  979
79  992
80  1001
81  1015
82  1028
83  1044
84  1054
85  1067
86  1076
87  1091
88  1101
89  1111
90  1126
91  1136
92  1148
93  1161
94  1171
95  1181
96  1197
97  1211
98  1223
99  1236
100 1251
101 1261
102 1277
103 1286
104 1303
105 1326
106 1335
107 1343
108 1355
109 1365
110 1375
111 1383
112 1392
113 1402
114 1418
115 1428
116 1442
117 1459
118 1475
119 1490
120 1499
121 1509
122 1517
123 1532
124 1544
125 1555
126 1567
127 1579
128 1590
129 1597
130 1609
131 1621
132 1638
133 1647
134 1657
135 1663
136 1670
137 1682
138 1696
139 1710
140 1720
141 1733
142 1745
143 1759
144 1774
145 1784
146 1794
147 1805
148 1823
149 1831
150 1839
151 1853
152 1866
153 1879
154 1890
155 1900
156 1910
157 1920
158 1912
159 1911
160 1913
161 1911
162 1921
163 1924
164 1918
165 1925
166 1923
167 1920
168 1927
169 1933
170 1928
171 1924
172 1928
173 1926
174 1926
175 1929
176 1926
177 1925
178 1926
179 1923
180 1921
181 1913
182 1924
183 1930
184 1928
185 1929
186 1933
187 1935
188 1934
189 1936
190 1948
191 1946
192 1948
193 1938
194 1940
195 1934
196 1938
197 1933
198 1939
199 1947
200 1944
201 1943
202 1943
203 1948
204 1948
205 1954
206 1965
207 1963
208 1966
209 1965
210 1971
211 1972
212 1981
213 1983
214 1986
215 1986
216 1992
217 1993
218 1996
219 1993
220 1996
221 1998
222 1997
223 1994
224 2004
225 2011
226 2008
227 2003
228 2005
229 2008
230 2006
231 2012
232 2011
233 2009
234 2014
235 2020
236 2027
237 2023
238 2024
239 2027
240 2033
241 2045
242 2048
243 2049
244 2058
245 2064
246 2057
247 2056
248 2059
249 2059
250 2058
251 2065
252 2061
253 2063
254 2064
255 2054
256 2063
257 2073
258 2069
259 2069
260 2079
261 2085
262 2098
263 2102
264 2101
265 2108
266 2104
267 2097
268 2101
269 2100
270 2109
271 2115
272 2117
273 2118
274 2122
275 2130
276 2134
277 2140
278 2141
279 2151
280 2155
281 2152
282 2150
283 2155
284 2154
285 2165
286 2171
287 2169
288 2168
289 2166
290 2166
291 2167
292 2176
293 2169
294 2167
295 2178
296 2184
297 2193
298 2189
299 2190
300 2202
301 2204
302 2201
303 2198
304 2201
305 2208
306 2206
307 2201
308 2205
309 2209
310 2212
311 2222
312 2210
313 2202
314 2213
315 2219
316 2213
317 2221
318 2220
319 2211
320 2222
321 2226
322 2227
323 2233
324 2230
325 2231
326 2225
327 2217
328 2217
329 2215
330 2215
331 2228
332 2229
333 2225
334 2218
335 2221
336 2225
337 2227
338 2222
339 2223
340 2214
341 2218
342 2220
343 2224
344 2225
345 2227
346 2229
347 2229
348 2231
349 2226
350 2223
351 2220
352 2222
353 2214
354 2215
355 2217
356 2211
357 2208
358 2208
359 2208
360 2209
361 2209
362 2210
363 2206
364 2209
365 2216
366 2218
367 2218
368 2220
369 2224
370 2220
371 2220
372 2226
373 2234
374 2229
375 2224
376 2231
377 2234
378 2243
379 2241
380 2245
381 2236
382 2238
383 2243
384 2246
385 2249
386 2245
387 2252
388 2255
389 2255
390 2253
391 2246
392 2249
393 2252
394 2249
395 2246
396 2251
397 2262
398 2260
399 2265
400 2271
401 2266
402 2265
403 2262
404 2256
405 2259
406 2255
407 2252
408 2268
409 2279
410 2275
411 2280
412 2271
413 2268
414 2260
415 2267
416 2272
417 2276
418 2266
419 2270
420 2266
421 2263
422 2264
423 2259
424 2257
425 2246
426 2248
427 2236
428 2240
429 2238
430 2237
431 2237
432 2233
433 2236
434 2245
435 2247
436 2252
437 2261
438 2260
439 2269
440 2275
441 2272
442 2262
443 2268
444 2269
445 2264
446 2260
447 2250
448 2251
449 2254
450 2248
451 2251
452 2257
453 2254
454 2257
455 2251
456 2255
457 2254
458 2253
459 2248
460 2246
461 2241
462 2245
463 2252
464 2245
465 2244
466 2250
467 2249
468 2251
469 2260
470 2253
471 2255
472 2246
473 2240
474 2243
475 2251
476 2258
477 2255
478 2251
479 2255
480 2254
481 2246
482 2240
483 2247
484 2258
485 2247
486 2241
487 2245
488 2250
489 2251
490 2253
491 2252
492 2247
493 2244
494 2232
495 2234
496 2235
497 2243
498 2228
499 2222
500 2230
